0.015625
0.109375 1.125 0.000439629
0.125 1.125 0.000447617
0.140625 1.125 0.000592645
0.15625 1.125 3.83707e-05
0.1875 1.125 0.00209352
0.203125 1.125 0.000552452
0.21875 1.125 0.000801969
0.09375 1.10938 0.000622713
0.109375 1.10938 0.0019853
0.125 1.10938 0.00322673
0.140625 1.10938 0.000882524
0.15625 1.10938 0.00166358
0.171875 1.10938 0.00141122
0.1875 1.10938 0.00092898
0.203125 1.10938 0.00136722
0.21875 1.10938 0.00253834
0.234375 1.10938 0.00102744
0.25 1.10938 0.000920173
0.0625 1.09375 2.00602e-06
0.078125 1.09375 0.00317358
0.09375 1.09375 0.00199943
0.109375 1.09375 0.00119782
0.125 1.09375 0.00025004
0.140625 1.09375 2.33074e-06
0.15625 1.09375 0.000211185
0.171875 1.09375 0.00123683
0.1875 1.09375 0.000427251
0.21875 1.09375 0.000251813
0.234375 1.09375 0.00140578
0.25 1.09375 0.000882656
0.265625 1.09375 0.00090508
-0.453125 1.07812 9.37759e-05
-0.4375 1.07812 0.00120268
-0.421875 1.07812 0.000557136
-0.40625 1.07812 0.000469186
-0.390625 1.07812 0.000476496
-0.375 1.07812 0.000176711
0.046875 1.07812 2.48441e-05
0.0625 1.07812 0.00419251
0.078125 1.07812 0.00112844
0.09375 1.07812 5.75536e-05
0.25 1.07812 0.000759834
0.265625 1.07812 0.00173775
0.28125 1.07812 0.00105134
0.359375 1.07812 7.33176e-05
-0.46875 1.0625 0.000181131
-0.453125 1.0625 0.00160947
-0.4375 1.0625 0.00117293
-0.421875 1.0625 0.00152343
-0.40625 1.0625 0.0016117
-0.390625 1.0625 0.0014759
-0.375 1.0625 0.00116217
-0.359375 1.0625 0.000266505
-0.34375 1.0625 2.62632e-05
0.046875 1.0625 0.000381013
0.0625 1.0625 0.0022956
0.078125 1.0625 0.000559493
0.09375 1.0625 8.5747e-06
0.265625 1.0625 0.000514984
0.28125 1.0625 0.00140512
0.296875 1.0625 0.00066595
0.3125 1.0625 5.11858e-07
0.328125 1.0625 0.00117163
0.34375 1.0625 0.0022235
0.359375 1.0625 0.00177262
0.375 1.0625 0.00103687
-0.609375 1.04688 0.00095605
-0.59375 1.04688 0.000446108
-0.578125 1.04688 0.00035539
-0.5625 1.04688 0.000976174
-0.546875 1.04688 4.00476e-05
-0.46875 1.04688 0.00028625
-0.453125 1.04688 0.0015075
-0.4375 1.04688 1.06e-06
-0.421875 1.04688 7.44284e-05
-0.40625 1.04688 2.66623e-05
-0.390625 1.04688 3.14855e-05
-0.375 1.04688 9.05244e-05
-0.359375 1.04688 0.000942584
-0.34375 1.04688 0.00073733
-0.3125 1.04688 0.000224846
-0.296875 1.04688 0.00101706
-0.28125 1.04688 0.000977322
-0.265625 1.04688 0.000148725
-0.25 1.04688 5.89195e-07
0.0625 1.04688 0.00141362
0.078125 1.04688 0.00143067
0.09375 1.04688 0.000389108
0.109375 1.04688 1.37483e-06
0.265625 1.04688 1.53806e-11
0.28125 1.04688 0.00146702
0.296875 1.04688 0.000886003
0.3125 1.04688 0.000957776
0.328125 1.04688 0.000549378
0.34375 1.04688 0.00169261
0.359375 1.04688 0.00115594
0.375 1.04688 0.000566929
0.390625 1.04688 0.00174526
0.40625 1.04688 7.74698e-05
-0.625 1.03125 0.000596351
-0.609375 1.03125 0.00133475
-0.59375 1.03125 0.000413869
-0.578125 1.03125 0.00142282
-0.5625 1.03125 0.00104781
-0.546875 1.03125 0.00050395
-0.53125 1.03125 0.000832193
-0.515625 1.03125 0.00013659
-0.5 1.03125 1.29994e-05
-0.484375 1.03125 2.96269e-08
-0.46875 1.03125 0.000543369
-0.453125 1.03125 0.000335369
-0.4375 1.03125 1.10621e-05
-0.359375 1.03125 0.000241058
-0.34375 1.03125 0.000324071
-0.328125 1.03125 0.000508379
-0.3125 1.03125 0.000662118
-0.296875 1.03125 0.00055074
-0.28125 1.03125 0.00100506
-0.265625 1.03125 0.00154555
-0.25 1.03125 0.00240986
-0.234375 1.03125 0.000128219
0.078125 1.03125 0.000248862
0.09375 1.03125 0.000575525
0.109375 1.03125 3.4173e-05
0.28125 1.03125 3.58953e-05
0.296875 1.03125 0.000164577
0.3125 1.03125 0.000286944
0.328125 1.03125 0.00113794
0.34375 1.03125 8.07018e-05
0.359375 1.03125 1.17694e-06
0.375 1.03125 0.000363276
0.390625 1.03125 0.00068224
0.40625 1.03125 0.000762228
-0.640625 1.01562 0.000210922
-0.625 1.01562 0.00113865
-0.609375 1.01562 0.000245655
-0.59375 1.01562 6.61691e-06
-0.578125 1.01562 1.559e-05
-0.5625 1.01562 3.32917e-11
-0.546875 1.01562 0.000150255
-0.53125 1.01562 0.000417722
-0.515625 1.01562 0.00155584
-0.5 1.01562 0.000710558
-0.484375 1.01562 0.000533344
-0.46875 1.01562 0.000694129
-0.453125 1.01562 0.000201164
-0.4375 1.01562 1.56762e-09
-0.359375 1.01562 9.16825e-10
-0.34375 1.01562 9.00587e-05
-0.328125 1.01562 0.000842906
-0.3125 1.01562 0.000760232
-0.296875 1.01562 0.000914464
-0.28125 1.01562 6.32505e-05
-0.265625 1.01562 0.000173997
-0.25 1.01562 0.000294175
-0.234375 1.01562 0.0012035
-0.21875 1.01562 0.000517632
-0.1875 1.01562 2.34261e-06
0.078125 1.01562 0.000189594
0.09375 1.01562 0.00209774
0.109375 1.01562 8.05981e-07
0.296875 1.01562 4.12166e-07
0.3125 1.01562 2.97187e-06
0.390625 1.01562 0.000801095
0.40625 1.01562 0.00111456
-0.671875 1 0.00098773
-0.65625 1 0.00136586
-0.640625 1 0.000210899
-0.625 1 0.000433841
-0.609375 1 2.01953e-07
-0.515625 1 2.54044e-06
-0.5 1 0.000293781
-0.484375 1 0.000245651
-0.46875 1 6.40269e-05
-0.328125 1 0.000112774
-0.3125 1 2.83649e-06
-0.296875 1 5.3693e-10
-0.25 1 3.83236e-05
-0.234375 1 0.00110746
-0.21875 1 0.000188832
-0.203125 1 0.000276557
-0.1875 1 0.000691144
-0.171875 1 0.000251564
-0.15625 1 2.73013e-05
-0.140625 1 1.75462e-07
0.0625 1 4.99063e-05
0.078125 1 0.000975135
0.09375 1 0.000431546
0.109375 1 0.000166447
0.390625 1 0.000730973
0.40625 1 0.000760922
-0.6875 0.984375 0.000446724
-0.671875 0.984375 0.00164669
-0.65625 0.984375 0.000318023
-0.640625 0.984375 1.30517e-12
-0.625 0.984375 5.67595e-06
-0.25 0.984375 6.1981e-05
-0.234375 0.984375 0.000618613
-0.21875 0.984375 0.000369383
-0.203125 0.984375 0.00140913
-0.1875 0.984375 0.00123865
-0.171875 0.984375 0.00220083
-0.15625 0.984375 0.000768036
-0.140625 0.984375 0.000452529
0.046875 0.984375 7.03285e-05
0.0625 0.984375 0.000528777
0.078125 0.984375 0.000775936
0.09375 0.984375 0.000600473
0.109375 0.984375 2.21473e-05
0.390625 0.984375 5.14994e-05
0.40625 0.984375 0.00217985
0.421875 0.984375 0.00035555
0.4375 0.984375 0.000638371
-0.703125 0.96875 0.000305935
-0.6875 0.96875 0.00106273
-0.671875 0.96875 0.000879907
-0.234375 0.96875 2.03249e-06
-0.21875 0.96875 0.000409206
-0.203125 0.96875 0.000654399
-0.1875 0.96875 0.000143886
-0.171875 0.96875 0.000100795
-0.15625 0.96875 0.00105009
-0.140625 0.96875 0.00146904
-0.125 0.96875 7.92238e-05
-0.109375 0.96875 2.1576e-05
-0.09375 0.96875 0.000135232
-0.078125 0.96875 0.000126601
-0.0625 0.96875 4.09703e-06
-0.046875 0.96875 9.16866e-07
0 0.96875 1.17179e-07
0.015625 0.96875 1.2202e-06
0.03125 0.96875 0.000102069
0.046875 0.96875 0.000713121
0.0625 0.96875 0.00189491
0.078125 0.96875 0.000205137
0.09375 0.96875 3.40001e-05
0.40625 0.96875 0.000187076
0.421875 0.96875 0.00069012
0.4375 0.96875 0.00217397
0.453125 0.96875 0.000494528
-0.703125 0.953125 0.000904904
-0.6875 0.953125 0.000826695
-0.21875 0.953125 1.81588e-05
-0.203125 0.953125 4.77008e-07
-0.1875 0.953125 1.66919e-10
-0.15625 0.953125 7.10864e-06
-0.140625 0.953125 0.000249457
-0.125 0.953125 0.00108223
-0.109375 0.953125 0.00049145
-0.09375 0.953125 0.00100012
-0.078125 0.953125 0.000882536
-0.0625 0.953125 0.000870361
-0.046875 0.953125 0.000100121
-0.03125 0.953125 3.79617e-05
-0.015625 0.953125 4.44565e-05
0 0.953125 0.000411041
0.015625 0.953125 0.000929258
0.03125 0.953125 0.00140136
0.046875 0.953125 0.00134892
0.0625 0.953125 0.000508342
0.078125 0.953125 0.000432891
0.09375 0.953125 1.1784e-08
0.40625 0.953125 4.65212e-10
0.421875 0.953125 2.94992e-10
0.4375 0.953125 0.00189416
0.453125 0.953125 0.0019822
-0.703125 0.9375 0.00141243
-0.6875 0.9375 0.00115505
-0.671875 0.9375 0.000176269
-0.65625 0.9375 1.48751e-07
-0.140625 0.9375 7.16504e-05
-0.125 0.9375 0.000615659
-0.109375 0.9375 0.000456182
-0.09375 0.9375 0.00127027
-0.078125 0.9375 0.000264189
-0.0625 0.9375 0.000477649
-0.046875 0.9375 0.000525209
-0.03125 0.9375 0.000775061
-0.015625 0.9375 0.000265328
0 0.9375 0.00226959
0.015625 0.9375 0.000796733
0.03125 0.9375 0.000223879
0.046875 0.9375 0.000204215
0.0625 0.9375 0.00017473
0.078125 0.9375 3.94563e-06
0.09375 0.9375 2.36796e-08
0.4375 0.9375 0.000553257
0.453125 0.9375 0.000870373
-0.703125 0.921875 0.000312082
-0.6875 0.921875 0.00180921
-0.671875 0.921875 0.000771758
-0.65625 0.921875 0.000395561
-0.140625 0.921875 8.08949e-06
-0.125 0.921875 0.000192845
-0.109375 0.921875 0.000346158
-0.09375 0.921875 6.38291e-05
-0.078125 0.921875 5.91923e-06
-0.0625 0.921875 1.97522e-06
-0.046875 0.921875 5.65454e-05
-0.03125 0.921875 0.000389471
-0.015625 0.921875 0.00140073
0 0.921875 0.00048917
0.015625 0.921875 0.000314312
0.0625 0.921875 1.05247e-06
0.078125 0.921875 3.50182e-09
0.421875 0.921875 3.47889e-10
0.4375 0.921875 0.000403576
0.453125 0.921875 0.000521231
-0.671875 0.90625 6.74301e-05
-0.65625 0.90625 0.00104518
-0.640625 0.90625 5.93465e-05
-0.140625 0.90625 4.34012e-08
-0.125 0.90625 8.58182e-06
-0.109375 0.90625 4.33749e-06
-0.09375 0.90625 1.04277e-09
-0.046875 0.90625 3.42037e-05
-0.03125 0.90625 8.1836e-05
-0.015625 0.90625 0.000266992
0 0.90625 0.000225227
0.015625 0.90625 4.75239e-05
0.421875 0.90625 1.5587e-05
0.4375 0.90625 0.00200615
0.453125 0.90625 0.00171004
0.46875 0.90625 0.000596437
-0.671875 0.890625 0.000298682
-0.65625 0.890625 0.000910141
-0.640625 0.890625 5.74074e-05
-0.046875 0.890625 5.33329e-08
-0.03125 0.890625 3.67983e-06
-0.015625 0.890625 6.79045e-06
0 0.890625 4.2443e-06
0.015625 0.890625 3.36896e-08
0.4375 0.890625 7.98988e-05
0.453125 0.890625 0.0021742
0.46875 0.890625 0.00117747
-0.671875 0.875 0.000458099
-0.65625 0.875 0.000226057
0.4375 0.875 1.76074e-05
0.453125 0.875 0.00182204
0.46875 0.875 0.000948019
-0.703125 0.859375 4.72125e-06
-0.6875 0.859375 0.000168851
-0.671875 0.859375 0.000757161
-0.65625 0.859375 0.000192688
-0.640625 0.859375 4.73887e-06
0.4375 0.859375 0.000327924
0.453125 0.859375 0.00177917
0.46875 0.859375 0.000185085
-0.734375 0.84375 2.48865e-08
-0.71875 0.84375 2.48865e-08
-0.703125 0.84375 0.000176403
-0.6875 0.84375 0.00031736
-0.671875 0.84375 0.000246652
-0.65625 0.84375 5.68817e-05
-0.640625 0.84375 3.19857e-06
0.4375 0.84375 0.000310783
0.453125 0.84375 0.00262032
0.46875 0.84375 0.000401981
-0.75 0.828125 0.00015848
-0.734375 0.828125 0.000751836
-0.71875 0.828125 0.00179159
-0.703125 0.828125 0.00121034
-0.6875 0.828125 0.000167108
-0.671875 0.828125 3.50848e-07
-0.65625 0.828125 1.18263e-08
0.4375 0.828125 3.84388e-11
0.453125 0.828125 0.000374607
0.46875 0.828125 0.00230958
0.484375 0.828125 2.33054e-08
-0.78125 0.8125 0.000838305
-0.765625 0.8125 0.00105664
-0.75 0.8125 0.00093517
-0.734375 0.8125 0.000482623
-0.71875 0.8125 0.000346131
-0.703125 0.8125 0.000183573
-0.6875 0.8125 0.000129335
0.4375 0.8125 1.32111e-05
0.453125 0.8125 0.00115631
0.46875 0.8125 0.000215758
-0.8125 0.796875 1.93241e-06
-0.796875 0.796875 0.000690186
-0.78125 0.796875 0.00061773
-0.765625 0.796875 0.00065553
-0.75 0.796875 0.000233949
-0.734375 0.796875 0.000149153
-0.71875 0.796875 5.05975e-11
-0.6875 0.796875 1.28255e-08
0.421875 0.796875 1.64254e-08
0.4375 0.796875 0.000179323
0.453125 0.796875 0.000945917
0.46875 0.796875 0.00108379
0.484375 0.796875 6.43552e-05
-0.84375 0.78125 8.56232e-05
-0.828125 0.78125 0.000518638
-0.8125 0.78125 0.000485016
-0.796875 0.78125 0.00174688
-0.78125 0.78125 0.000612475
-0.765625 0.78125 9.52989e-11
0.4375 0.78125 5.91688e-06
0.453125 0.78125 0.000316232
0.46875 0.78125 0.00112117
0.484375 0.78125 0.00057608
-0.859375 0.765625 3.44408e-05
-0.84375 0.765625 0.00136599
-0.828125 0.765625 0.000235504
-0.8125 0.765625 2.92162e-05
-0.796875 0.765625 9.25106e-05
-0.78125 0.765625 1.31418e-05
0.453125 0.765625 8.88879e-06
0.46875 0.765625 0.00047691
0.484375 0.765625 0.000702422
0.5 0.765625 3.1596e-07
0.5625 0.765625 0.00238817
0.578125 0.765625 0.00161919
0.59375 0.765625 0.000304681
0.609375 0.765625 7.99832e-05
-0.859375 0.75 2.35728e-05
-0.84375 0.75 0.00181397
-0.828125 0.75 0.000221207
0.453125 0.75 3.65852e-05
0.46875 0.75 0.000548396
0.484375 0.75 0.00186146
0.5 0.75 0.000483298
0.515625 0.75 2.94672e-07
0.546875 0.75 0.00049231
0.5625 0.75 0.00300994
0.578125 0.75 0.00573265
0.59375 0.75 0.00140577
0.609375 0.75 0.0029552
0.625 0.75 8.37288e-05
-0.859375 0.734375 5.12329e-05
-0.84375 0.734375 0.0010595
-0.828125 0.734375 0.000167172
0.453125 0.734375 3.69927e-06
0.46875 0.734375 0.000574331
0.484375 0.734375 0.00146403
0.5 0.734375 0.00255213
0.515625 0.734375 0.00128115
0.53125 0.734375 0.000810162
0.546875 0.734375 0.000704915
0.5625 0.734375 0.00197849
0.578125 0.734375 9.09274e-05
0.59375 0.734375 0.000785104
0.609375 0.734375 0.00215798
0.625 0.734375 0.00128756
0.640625 0.734375 0.000490733
-0.890625 0.71875 0.000318761
-0.875 0.71875 0.000995865
-0.859375 0.71875 0.00144385
-0.84375 0.71875 0.00073832
-0.828125 0.71875 5.09351e-05
0.46875 0.71875 1.43753e-05
0.484375 0.71875 0.000172946
0.5 0.71875 0.000153328
0.515625 0.71875 0.00216984
0.53125 0.71875 0.0012135
0.546875 0.71875 0.00134647
0.5625 0.71875 0.000555037
0.578125 0.71875 8.23015e-06
0.609375 0.71875 0.000650826
0.625 0.71875 0.00335983
0.640625 0.71875 0.000847794
-0.90625 0.703125 0.00022689
-0.890625 0.703125 0.0019913
-0.875 0.703125 0.0006164
-0.859375 0.703125 2.71762e-05
0.5 0.703125 6.76482e-07
0.515625 0.703125 5.88115e-05
0.53125 0.703125 0.000127368
0.546875 0.703125 0.000266877
0.625 0.703125 0.000374203
0.640625 0.703125 0.00255706
0.65625 0.703125 0.000101673
-0.90625 0.6875 2.41426e-05
-0.890625 0.6875 0.00193328
-0.875 0.6875 1.82158e-06
0.515625 0.6875 9.41709e-09
0.625 0.6875 0.000208648
0.640625 0.6875 0.00223005
0.65625 0.6875 0.000470757
-0.90625 0.671875 0.000472814
-0.890625 0.671875 0.00111225
-0.875 0.671875 8.39074e-07
0.625 0.671875 0.000264247
0.640625 0.671875 0.00189733
0.65625 0.671875 0.000277868
-0.90625 0.65625 0.00205714
-0.890625 0.65625 0.000721986
-0.875 0.65625 0.000111397
0.625 0.65625 0.000306984
0.640625 0.65625 0.00245151
0.65625 0.65625 0.00118525
-0.90625 0.640625 0.000977704
-0.890625 0.640625 0.000861675
-0.875 0.640625 0.000578552
-0.859375 0.640625 0.000600279
0.625 0.640625 4.18925e-05
0.640625 0.640625 0.00062455
0.65625 0.640625 0.00197446
0.671875 0.640625 0.00313208
0.6875 0.640625 1.76344e-05
-0.890625 0.625 0.000250949
-0.875 0.625 0.000477282
-0.859375 0.625 0.000385046
-0.84375 0.625 3.00868e-07
0.640625 0.625 0.000288696
0.65625 0.625 0.000862013
0.671875 0.625 0.00142669
0.6875 0.625 0.00036488
-0.890625 0.609375 8.26472e-09
-0.875 0.609375 0.0014627
-0.859375 0.609375 0.000245225
-0.84375 0.609375 6.68638e-09
0.65625 0.609375 0.000686591
0.671875 0.609375 0.0021919
0.6875 0.609375 0.000511334
-0.890625 0.59375 0.000185419
-0.875 0.59375 0.00169417
-0.859375 0.59375 0.000109487
0.65625 0.59375 0.000720798
0.671875 0.59375 0.00126811
-0.90625 0.578125 0.000155001
-0.890625 0.578125 0.00048645
-0.875 0.578125 0.00111269
-0.859375 0.578125 6.49788e-12
0.640625 0.578125 1.7789e-10
0.65625 0.578125 0.000796727
0.671875 0.578125 0.00198117
0.6875 0.578125 0.000238129
-0.90625 0.5625 0.000424908
-0.890625 0.5625 0.000634099
-0.875 0.5625 2.75954e-11
0.640625 0.5625 4.11281e-11
0.65625 0.5625 0.000940235
0.671875 0.5625 0.00329562
0.6875 0.5625 0.000127189
-0.921875 0.546875 2.47954e-05
-0.90625 0.546875 0.000444565
-0.890625 0.546875 0.000300019
-0.875 0.546875 8.89389e-06
0.640625 0.546875 0.000430232
0.65625 0.546875 0.00177546
0.671875 0.546875 0.00124039
-0.921875 0.53125 0.00047631
-0.90625 0.53125 0.000566964
-0.890625 0.53125 6.16136e-05
0.625 0.53125 2.78107e-05
0.640625 0.53125 0.00227395
0.65625 0.53125 0.00365183
0.671875 0.53125 7.29028e-05
-0.921875 0.515625 0.00119687
-0.90625 0.515625 0.00127458
-0.890625 0.515625 0.000170311
0.625 0.515625 0.00203533
0.640625 0.515625 0.00128572
0.65625 0.515625 0.000860816
-0.921875 0.5 0.0010511
-0.90625 0.5 0.000641798
0.59375 0.5 1.39897e-09
0.609375 0.5 5.60856e-05
0.625 0.5 0.00241836
0.640625 0.5 0.000938766
0.65625 0.5 2.30516e-05
-0.921875 0.484375 0.00222014
-0.90625 0.484375 0.00239652
-0.890625 0.484375 0.00114515
-0.875 0.484375 1.19145e-07
0.59375 0.484375 6.23307e-05
0.609375 0.484375 0.000624513
0.625 0.484375 0.00122712
0.640625 0.484375 0.000390168
-0.921875 0.46875 0.000381749
-0.90625 0.46875 0.000549983
-0.890625 0.46875 0.00104953
-0.875 0.46875 0.000178322
0.59375 0.46875 2.25522e-05
0.609375 0.46875 0.00107351
0.625 0.46875 0.000724835
0.640625 0.46875 3.09201e-05
-0.890625 0.453125 0.00119505
-0.875 0.453125 0.000317435
0.578125 0.453125 9.06655e-07
0.59375 0.453125 0.000264134
0.609375 0.453125 0.00118556
0.625 0.453125 0.00111409
-0.90625 0.4375 2.31639e-05
-0.890625 0.4375 0.00137751
-0.875 0.4375 0.000278318
-0.765625 0.4375 3.52027e-06
-0.75 0.4375 5.40399e-06
-0.734375 0.4375 4.17604e-05
-0.71875 0.4375 2.51347e-06
-0.703125 0.4375 8.07612e-11
-0.6875 0.4375 7.71207e-06
-0.671875 0.4375 3.71482e-06
-0.65625 0.4375 6.31912e-07
0.203125 0.4375 3.81846e-19
0.578125 0.4375 2.3167e-06
0.59375 0.4375 0.000666476
0.609375 0.4375 0.00182244
0.625 0.4375 0.00127882
0.640625 0.4375 4.72637e-08
0.65625 0.4375 0.000580628
-0.90625 0.421875 3.01014e-06
-0.890625 0.421875 0.00114108
-0.875 0.421875 0.000534842
-0.78125 0.421875 9.88911e-06
-0.765625 0.421875 7.43155e-05
-0.75 0.421875 0.000144453
-0.734375 0.421875 0.000143046
-0.71875 0.421875 0.000172165
-0.703125 0.421875 5.99075e-05
-0.6875 0.421875 0.000185595
-0.671875 0.421875 0.000138759
-0.65625 0.421875 8.068e-05
-0.640625 0.421875 8.81991e-07
0.171875 0.421875 4.87261e-12
0.1875 0.421875 5.14577e-12
0.234375 0.421875 2.37244e-11
0.59375 0.421875 4.86347e-05
0.609375 0.421875 0.0010024
0.625 0.421875 0.00246083
0.640625 0.421875 0.000969153
0.65625 0.421875 0.00457343
0.671875 0.421875 0.00218161
0.6875 0.421875 4.40976e-05
-0.890625 0.40625 0.000395511
-0.875 0.40625 0.00205256
-0.859375 0.40625 0.000413657
-0.796875 0.40625 5.10249e-05
-0.78125 0.40625 0.000656106
-0.765625 0.40625 0.00105726
-0.75 0.40625 0.000320124
-0.734375 0.40625 0.000816901
-0.71875 0.40625 0.000558173
-0.703125 0.40625 0.000786522
-0.6875 0.40625 0.00028981
-0.671875 0.40625 0.000376131
-0.65625 0.40625 0.000101734
-0.640625 0.40625 1.78958e-05
0.171875 0.40625 6.41187e-12
0.1875 0.40625 4.37675e-09
0.203125 0.40625 4.75906e-08
0.21875 0.40625 1.75899e-08
0.234375 0.40625 1.93737e-08
0.265625 0.40625 1.12651e-19
0.59375 0.40625 1.83672e-07
0.609375 0.40625 0.000403547
0.625 0.40625 0.000755217
0.640625 0.40625 0.00168164
0.65625 0.40625 0.00397481
0.671875 0.40625 0.00330246
0.6875 0.40625 0.000553091
-0.890625 0.390625 0.000265692
-0.875 0.390625 0.00084254
-0.859375 0.390625 0.00146622
-0.84375 0.390625 0.00011629
-0.8125 0.390625 3.627e-06
-0.796875 0.390625 0.000560989
-0.78125 0.390625 0.000315091
-0.765625 0.390625 0.000312143
-0.75 0.390625 0.00012632
-0.734375 0.390625 0.000145062
-0.71875 0.390625 6.39381e-05
-0.703125 0.390625 0.00153668
-0.6875 0.390625 0.000486275
-0.671875 0.390625 0.000912436
-0.65625 0.390625 0.000331391
-0.640625 0.390625 0.000169058
-0.625 0.390625 3.38015e-07
-0.609375 0.390625 5.7938e-10
-0.59375 0.390625 3.74015e-10
-0.578125 0.390625 5.19952e-08
0.140625 0.390625 4.25488e-19
0.171875 0.390625 1.44018e-08
0.1875 0.390625 1.05722e-07
0.203125 0.390625 3.55711e-07
0.21875 0.390625 4.81324e-07
0.234375 0.390625 1.44024e-07
0.25 0.390625 7.20653e-09
0.59375 0.390625 1.94555e-09
0.609375 0.390625 1.78017e-09
0.625 0.390625 0.000151991
0.640625 0.390625 0.000136869
0.65625 0.390625 0.000116652
0.671875 0.390625 0.00187558
0.6875 0.390625 0.00377919
0.703125 0.390625 0.000122512
-0.875 0.375 1.10321e-05
-0.859375 0.375 0.00203257
-0.84375 0.375 0.00162041
-0.828125 0.375 0.00030592
-0.8125 0.375 1.68598e-06
-0.796875 0.375 0.00121001
-0.78125 0.375 0.000500183
-0.71875 0.375 3.02225e-08
-0.703125 0.375 4.71782e-05
-0.6875 0.375 3.61822e-05
-0.671875 0.375 0.000401771
-0.65625 0.375 0.00019585
-0.640625 0.375 0.000133076
-0.625 0.375 6.75887e-06
-0.609375 0.375 1.79563e-05
-0.59375 0.375 2.97179e-05
-0.578125 0.375 2.35651e-05
-0.5625 0.375 3.17739e-07
0.15625 0.375 1.21202e-12
0.171875 0.375 1.73109e-08
0.1875 0.375 3.22065e-07
0.203125 0.375 9.10362e-07
0.21875 0.375 8.12952e-07
0.234375 0.375 8.24793e-07
0.25 0.375 7.59943e-08
0.265625 0.375 7.38162e-11
0.671875 0.375 0.000892581
0.6875 0.375 0.00188994
-0.859375 0.359375 0.000199016
-0.84375 0.359375 0.00121891
-0.828125 0.359375 0.00222388
-0.8125 0.359375 0.000526221
-0.796875 0.359375 0.00138045
-0.78125 0.359375 0.000326977
-0.671875 0.359375 0.000283383
-0.65625 0.359375 0.000373156
-0.640625 0.359375 0.00101512
-0.625 0.359375 0.000354894
-0.609375 0.359375 0.00103113
-0.59375 0.359375 0.000317259
-0.578125 0.359375 5.86126e-05
-0.5625 0.359375 1.38257e-06
-0.546875 0.359375 8.04387e-09
0.140625 0.359375 9.98418e-13
0.15625 0.359375 1.49738e-09
0.171875 0.359375 3.63533e-08
0.1875 0.359375 5.01663e-07
0.203125 0.359375 1.36249e-06
0.21875 0.359375 8.68104e-07
0.234375 0.359375 5.62219e-07
0.25 0.359375 1.31511e-08
0.65625 0.359375 7.32627e-05
0.671875 0.359375 0.00314782
0.6875 0.359375 0.00072513
0.703125 0.359375 1.92414e-05
-0.84375 0.34375 0.000172187
-0.828125 0.34375 0.000627753
-0.8125 0.34375 0.000831137
-0.796875 0.34375 0.000747737
-0.78125 0.34375 0.000103224
-0.671875 0.34375 2.81049e-07
-0.65625 0.34375 2.88013e-05
-0.640625 0.34375 0.000596783
-0.625 0.34375 0.000588227
-0.609375 0.34375 0.000510356
-0.59375 0.34375 0.000193924
-0.578125 0.34375 0.000206791
-0.5625 0.34375 3.4583e-05
-0.546875 0.34375 1.55103e-06
0.15625 0.34375 3.94056e-12
0.171875 0.34375 2.9464e-09
0.1875 0.34375 1.213e-07
0.203125 0.34375 7.17676e-07
0.21875 0.34375 6.63057e-07
0.234375 0.34375 2.11727e-07
0.25 0.34375 1.62171e-08
0.28125 0.34375 3.32403e-20
0.65625 0.34375 0.000679536
0.671875 0.34375 0.0018674
0.6875 0.34375 0.000508002
-0.65625 0.328125 3.6863e-05
-0.640625 0.328125 0.000336824
-0.625 0.328125 0.00065716
-0.609375 0.328125 0.0007449
-0.59375 0.328125 0.000367852
-0.578125 0.328125 0.000474185
-0.5625 0.328125 3.1997e-05
-0.546875 0.328125 6.69068e-07
0.171875 0.328125 5.54328e-13
0.1875 0.328125 2.37361e-08
0.203125 0.328125 4.91154e-09
0.21875 0.328125 5.6016e-08
0.234375 0.328125 5.86439e-09
0.25 0.328125 2.50062e-10
0.65625 0.328125 0.000282634
0.671875 0.328125 0.00332028
0.6875 0.328125 0.000713775
-0.640625 0.3125 1.97278e-07
-0.625 0.3125 2.59864e-05
-0.609375 0.3125 0.000358235
-0.59375 0.3125 0.000249529
-0.578125 0.3125 0.000229322
-0.5625 0.3125 1.19288e-05
0.15625 0.3125 2.57927e-19
0.1875 0.3125 2.516e-10
0.203125 0.3125 5.69822e-10
0.21875 0.3125 9.51899e-13
0.65625 0.3125 0.000120339
0.671875 0.3125 0.00189745
0.6875 0.3125 0.000729473
0.703125 0.3125 4.16361e-06
-0.625 0.296875 3.21029e-05
-0.609375 0.296875 0.00104776
-0.59375 0.296875 0.000817512
-0.578125 0.296875 0.000308826
-0.5625 0.296875 1.16836e-05
0.234375 0.296875 9.75054e-21
0.640625 0.296875 3.96364e-11
0.65625 0.296875 0.000725095
0.671875 0.296875 0.0015067
0.6875 0.296875 0.000336206
-0.625 0.28125 2.44689e-07
-0.609375 0.28125 0.000287789
-0.59375 0.28125 0.000507664
-0.578125 0.28125 3.09796e-05
-0.5625 0.28125 7.90363e-07
0.640625 0.28125 0.000357655
0.65625 0.28125 0.0023941
0.671875 0.28125 0.00150052
0.6875 0.28125 4.15645e-05
-0.625 0.265625 1.71131e-06
-0.609375 0.265625 0.000425728
-0.59375 0.265625 0.000998618
-0.578125 0.265625 0.000268468
-0.5625 0.265625 1.05066e-05
0.609375 0.265625 0.000420822
0.625 0.265625 0.000812963
0.640625 0.265625 0.00190007
0.65625 0.265625 0.00314794
0.671875 0.265625 0.000731419
-0.609375 0.25 0.000110595
-0.59375 0.25 0.000348759
-0.578125 0.25 0.000196623
-0.5625 0.25 6.28085e-05
-0.546875 0.25 1.8007e-06
-0.53125 0.25 7.59502e-06
-0.515625 0.25 8.56284e-10
0.578125 0.25 1.01639e-05
0.59375 0.25 2.36286e-05
0.609375 0.25 0.000564577
0.625 0.25 0.00232063
0.640625 0.25 0.00178304
0.65625 0.25 0.000873812
-0.625 0.234375 4.81615e-07
-0.609375 0.234375 0.000104069
-0.59375 0.234375 0.000429105
-0.578125 0.234375 0.000996125
-0.5625 0.234375 0.00118396
-0.546875 0.234375 0.000116338
-0.53125 0.234375 0.000116364
-0.515625 0.234375 1.9896e-05
-0.5 0.234375 4.19565e-07
0.5625 0.234375 2.75903e-07
0.578125 0.234375 1.31121e-05
0.59375 0.234375 0.000465343
0.609375 0.234375 0.000860022
0.625 0.234375 0.000696723
0.640625 0.234375 0.000149079
-0.609375 0.21875 2.46012e-05
-0.59375 0.21875 0.000203797
-0.578125 0.21875 0.000877637
-0.5625 0.21875 0.000732629
-0.546875 0.21875 7.74966e-05
-0.53125 0.21875 0.000133014
-0.515625 0.21875 2.17625e-05
-0.5 0.21875 4.34301e-06
0.5625 0.21875 1.17263e-06
0.578125 0.21875 0.00028486
0.59375 0.21875 0.001467
0.609375 0.21875 0.000870548
0.625 0.21875 0.000141157
-0.609375 0.203125 6.85858e-07
-0.59375 0.203125 9.12918e-05
-0.578125 0.203125 0.000709471
-0.5625 0.203125 0.00133892
-0.546875 0.203125 0.000472778
-0.53125 0.203125 0.000474262
-0.515625 0.203125 6.46944e-05
-0.5 0.203125 1.7306e-05
0.5625 0.203125 0.000182863
0.578125 0.203125 0.000974049
0.59375 0.203125 0.00104716
0.609375 0.203125 0.000478433
0.625 0.203125 0.000177434
-0.59375 0.1875 1.93601e-05
-0.578125 0.1875 1.37721e-05
-0.5625 0.1875 0.000211504
-0.546875 0.1875 0.000300923
-0.53125 0.1875 0.000440635
-0.515625 0.1875 8.46791e-05
-0.5 0.1875 1.19817e-05
-0.484375 0.1875 2.7405e-08
0.5625 0.1875 1.12082e-05
0.578125 0.1875 0.000602885
0.59375 0.1875 0.00160443
0.609375 0.1875 0.002343
0.625 0.1875 0.00161593
-0.578125 0.171875 0.000143042
-0.5625 0.171875 0.000373042
-0.546875 0.171875 0.000160279
-0.53125 0.171875 0.000177369
-0.515625 0.171875 2.89138e-05
-0.5 0.171875 7.11256e-06
-0.484375 0.171875 3.71853e-09
0.5625 0.171875 4.08171e-08
0.578125 0.171875 0.000188311
0.59375 0.171875 0.00155329
0.609375 0.171875 0.00274344
0.625 0.171875 0.00294552
0.640625 0.171875 0.00138496
-0.59375 0.15625 6.72456e-05
-0.578125 0.15625 0.000232918
-0.5625 0.15625 0.000444519
-0.546875 0.15625 0.000163828
-0.53125 0.15625 8.19031e-05
-0.515625 0.15625 1.56928e-06
-0.5 0.15625 7.40874e-07
0.5625 0.15625 8.05819e-10
0.578125 0.15625 2.76953e-05
0.59375 0.15625 8.76796e-05
0.609375 0.15625 0.00126705
0.625 0.15625 0.00339575
0.640625 0.15625 0.0010964
0.65625 0.15625 2.75095e-05
-0.609375 0.140625 4.84093e-07
-0.59375 0.140625 6.93918e-05
-0.578125 0.140625 0.000338018
-0.5625 0.140625 0.000308453
-0.546875 0.140625 3.83509e-05
-0.53125 0.140625 3.65404e-05
0.609375 0.140625 0.000922479
0.625 0.140625 0.00327695
0.640625 0.140625 0.00093652
0.65625 0.140625 1.48468e-05
-0.609375 0.125 1.68547e-06
-0.59375 0.125 0.000115287
-0.578125 0.125 0.000525184
-0.5625 0.125 0.000214509
-0.546875 0.125 5.56483e-06
0.59375 0.125 6.37185e-05
0.609375 0.125 0.000946844
0.625 0.125 0.000742006
0.640625 0.125 0.000491063
0.65625 0.125 5.78523e-06
-0.609375 0.109375 3.76817e-07
-0.59375 0.109375 0.00047664
-0.578125 0.109375 0.000167708
-0.5625 0.109375 2.0039e-05
-0.546875 0.109375 3.18936e-13
0.59375 0.109375 0.000103514
0.609375 0.109375 0.000618689
0.625 0.109375 0.000926167
0.640625 0.109375 0.000340709
-0.609375 0.09375 5.54514e-05
-0.59375 0.09375 0.00044251
-0.578125 0.09375 0.00102412
-0.5625 0.09375 2.89177e-05
0.578125 0.09375 7.37026e-12
0.59375 0.09375 8.72811e-05
0.609375 0.09375 0.00169974
0.625 0.09375 0.00116798
0.640625 0.09375 1.88415e-06
-0.625 0.078125 6.48312e-07
-0.609375 0.078125 0.000131091
-0.59375 0.078125 0.000213145
-0.578125 0.078125 0.00041366
-0.5625 0.078125 6.43902e-05
0.578125 0.078125 5.11436e-05
0.59375 0.078125 0.000444427
0.609375 0.078125 0.00165231
0.625 0.078125 0.000833127
0.640625 0.078125 1.01125e-06
-0.625 0.0625 4.27506e-06
-0.609375 0.0625 0.000351969
-0.59375 0.0625 0.000610633
-0.578125 0.0625 0.00121224
-0.5625 0.0625 0.00017456
-0.546875 0.0625 1.69577e-05
-0.53125 0.0625 2.2012e-06
0.546875 0.0625 7.03964e-05
0.5625 0.0625 0.000221198
0.578125 0.0625 0.000281395
0.59375 0.0625 0.00152107
0.609375 0.0625 0.00174126
0.625 0.0625 1.956e-05
-0.625 0.046875 8.42116e-07
-0.609375 0.046875 0.000176285
-0.59375 0.046875 0.00033508
-0.578125 0.046875 0.000818213
-0.5625 0.046875 0.000244781
-0.546875 0.046875 0.000117662
-0.53125 0.046875 3.69094e-06
-0.515625 0.046875 2.07364e-09
0.5 0.046875 4.91576e-08
0.515625 0.046875 4.18335e-06
0.53125 0.046875 1.30948e-05
0.546875 0.046875 0.000373656
0.5625 0.046875 0.000466764
0.578125 0.046875 0.000724285
0.59375 0.046875 0.00184465
0.609375 0.046875 0.00111342
-0.609375 0.03125 0.000211671
-0.59375 0.03125 0.000444097
-0.578125 0.03125 0.00130385
-0.5625 0.03125 0.000572692
-0.546875 0.03125 0.000543777
-0.53125 0.03125 4.81067e-05
-0.515625 0.03125 7.66313e-07
0.5 0.03125 2.36777e-07
0.515625 0.03125 5.86624e-05
0.53125 0.03125 0.000554553
0.546875 0.03125 0.00071318
0.5625 0.03125 0.00120358
0.578125 0.03125 0.000977691
0.59375 0.03125 0.000410017
-0.59375 0.015625 5.72214e-05
-0.578125 0.015625 0.000265266
-0.5625 0.015625 0.000152048
-0.546875 0.015625 0.000331266
-0.53125 0.015625 8.22618e-05
-0.515625 0.015625 2.16064e-05
0.5 0.015625 2.75092e-05
0.515625 0.015625 0.000216986
0.53125 0.015625 0.000727507
0.546875 0.015625 0.000532972
0.5625 0.015625 0.000539725
0.578125 0.015625 8.03547e-05
-0.59375 0 2.85447e-05
-0.578125 0 0.000363389
-0.5625 0 0.000333264
-0.546875 0 0.000359447
-0.53125 0 6.98852e-05
-0.515625 0 1.41631e-05
0.5 0 4.08702e-05
0.515625 0 0.000382739
0.53125 0 0.000688783
0.546875 0 0.00082068
0.5625 0 0.000769758
0.578125 0 0.000449068
-0.609375 -0.015625 0.00010453
-0.59375 -0.015625 0.000324272
-0.578125 -0.015625 0.000515551
-0.5625 -0.015625 0.000172233
-0.546875 -0.015625 0.000245278
-0.53125 -0.015625 2.30606e-05
-0.515625 -0.015625 2.2638e-07
0.5 -0.015625 2.27259e-06
0.515625 -0.015625 0.000190729
0.53125 -0.015625 0.000489335
0.546875 -0.015625 0.00162129
0.5625 -0.015625 0.00216069
0.578125 -0.015625 0.000423929
0.59375 -0.015625 0.000269061
-0.625 -0.03125 0.000389101
-0.609375 -0.03125 0.00060047
-0.59375 -0.03125 0.000816199
-0.578125 -0.03125 0.000532753
-0.5625 -0.03125 0.000132312
-0.546875 -0.03125 3.93248e-06
-0.53125 -0.03125 5.21378e-07
-0.515625 -0.03125 1.97992e-08
0.5 -0.03125 1.07645e-08
0.515625 -0.03125 3.52273e-05
0.53125 -0.03125 0.00028879
0.546875 -0.03125 0.00107924
0.5625 -0.03125 0.00170936
0.578125 -0.03125 0.00152982
0.59375 -0.03125 0.000344557
0.609375 -0.03125 5.50466e-06
-0.640625 -0.046875 3.10786e-06
-0.625 -0.046875 0.000655566
-0.609375 -0.046875 0.000332146
-0.59375 -0.046875 0.000345336
-0.578125 -0.046875 8.01341e-05
-0.5625 -0.046875 4.13914e-05
0.515625 -0.046875 3.6792e-06
0.53125 -0.046875 2.25534e-05
0.546875 -0.046875 0.0002683
0.5625 -0.046875 0.00179247
0.578125 -0.046875 0.00195225
0.59375 -0.046875 0.000527291
0.609375 -0.046875 3.44771e-06
-0.65625 -0.0625 7.62632e-07
-0.640625 -0.0625 0.000456531
-0.625 -0.0625 0.00137106
-0.609375 -0.0625 0.000354631
-0.59375 -0.0625 6.76646e-05
0.546875 -0.0625 0.000182435
0.5625 -0.0625 0.00093949
0.578125 -0.0625 0.0011871
0.59375 -0.0625 0.000158557
0.609375 -0.0625 2.63242e-06
-0.65625 -0.078125 5.05299e-07
-0.640625 -0.078125 0.000421446
-0.625 -0.078125 0.000832473
-0.609375 -0.078125 7.39816e-05
-0.59375 -0.078125 3.62382e-12
0.546875 -0.078125 8.15204e-05
0.5625 -0.078125 0.00157576
0.578125 -0.078125 0.000274103
0.59375 -0.078125 6.2889e-05
-0.65625 -0.09375 0.000111246
-0.640625 -0.09375 0.000730147
-0.625 -0.09375 0.00126776
-0.609375 -0.09375 0.000107038
0.53125 -0.09375 1.25379e-12
0.546875 -0.09375 5.63963e-05
0.5625 -0.09375 0.00066375
0.578125 -0.09375 0.00188043
0.59375 -0.09375 6.34955e-07
-0.671875 -0.109375 1.99717e-06
-0.65625 -0.109375 0.000502264
-0.640625 -0.109375 0.000479058
-0.625 -0.109375 0.00052956
-0.609375 -0.109375 2.2328e-05
0.53125 -0.109375 1.69349e-05
0.546875 -0.109375 0.000314283
0.5625 -0.109375 0.000653636
0.578125 -0.109375 0.00122329
0.59375 -0.109375 4.77299e-06
-0.671875 -0.125 3.98848e-06
-0.65625 -0.125 0.000182591
-0.640625 -0.125 0.00112955
-0.625 -0.125 0.000409263
0.515625 -0.125 9.65076e-05
0.53125 -0.125 0.000132386
0.546875 -0.125 0.00101095
0.5625 -0.125 0.00164935
0.578125 -0.125 0.000440889
0.59375 -0.125 3.93348e-06
-0.671875 -0.140625 1.05996e-05
-0.65625 -0.140625 0.000231357
-0.640625 -0.140625 0.000991266
-0.625 -0.140625 0.000131704
-0.609375 -0.140625 1.9242e-05
-0.59375 -0.140625 3.28869e-06
-0.578125 -0.140625 4.65273e-10
0.484375 -0.140625 3.997e-07
0.5 -0.140625 2.00003e-06
0.515625 -0.140625 0.000111047
0.53125 -0.140625 0.000491708
0.546875 -0.140625 0.000998701
0.5625 -0.140625 0.000866034
0.578125 -0.140625 0.000150105
-0.65625 -0.15625 0.000352872
-0.640625 -0.15625 0.00140738
-0.625 -0.15625 0.000623137
-0.609375 -0.15625 0.000818647
-0.59375 -0.15625 5.2913e-05
-0.578125 -0.15625 8.91604e-09
0.46875 -0.15625 5.475e-09
0.484375 -0.15625 1.30169e-05
0.5 -0.15625 0.000153891
0.515625 -0.15625 0.000131722
0.53125 -0.15625 0.000677742
0.546875 -0.15625 0.000537214
0.5625 -0.15625 0.000326318
-0.640625 -0.171875 0.000552091
-0.625 -0.171875 0.000355436
-0.609375 -0.171875 0.000556414
-0.59375 -0.171875 9.30291e-05
-0.578125 -0.171875 2.23205e-06
0.46875 -0.171875 6.85419e-08
0.484375 -0.171875 8.68719e-06
0.5 -0.171875 0.000181642
0.515625 -0.171875 0.00074618
0.53125 -0.171875 0.00030114
0.546875 -0.171875 0.000393806
0.5625 -0.171875 0.000105685
0.578125 -0.171875 3.20536e-05
-0.640625 -0.1875 5.38986e-05
-0.625 -0.1875 0.00013903
-0.609375 -0.1875 0.000806659
-0.59375 -0.1875 0.000380266
-0.578125 -0.1875 6.04988e-05
0.484375 -0.1875 7.94042e-06
0.5 -0.1875 8.93855e-05
0.515625 -0.1875 0.000387535
0.53125 -0.1875 0.000291735
0.546875 -0.1875 0.00079888
0.5625 -0.1875 0.00117667
0.578125 -0.1875 0.000180737
0.59375 -0.1875 1.04613e-06
-0.640625 -0.203125 1.76628e-05
-0.625 -0.203125 0.00017953
-0.609375 -0.203125 0.000179707
-0.59375 -0.203125 5.77887e-05
-0.578125 -0.203125 2.42024e-07
0.484375 -0.203125 5.95149e-06
0.5 -0.203125 0.000128606
0.515625 -0.203125 0.000363584
0.53125 -0.203125 0.000726526
0.546875 -0.203125 0.00105855
0.5625 -0.203125 0.00100052
0.578125 -0.203125 0.00126949
0.59375 -0.203125 0.000119588
-0.65625 -0.21875 0.000132295
-0.640625 -0.21875 0.000126055
-0.625 -0.21875 0.00101948
-0.609375 -0.21875 0.000269513
-0.59375 -0.21875 1.07811e-05
-0.578125 -0.21875 1.93474e-08
0.484375 -0.21875 3.1919e-07
0.5 -0.21875 2.80402e-05
0.515625 -0.21875 0.000126123
0.53125 -0.21875 0.000101233
0.546875 -0.21875 0.0009335
0.5625 -0.21875 0.00164823
0.578125 -0.21875 0.00023591
0.59375 -0.21875 0.000152216
0.609375 -0.21875 4.46088e-07
-0.671875 -0.234375 0.000389246
-0.65625 -0.234375 0.00119094
-0.640625 -0.234375 0.00060551
-0.625 -0.234375 0.000445084
-0.609375 -0.234375 6.59544e-06
-0.59375 -0.234375 4.5425e-06
0.5 -0.234375 2.39916e-09
0.515625 -0.234375 2.57706e-06
0.53125 -0.234375 5.89683e-06
0.546875 -0.234375 9.38814e-05
0.5625 -0.234375 0.000478867
0.578125 -0.234375 0.00116904
0.59375 -0.234375 0.000191983
-0.6875 -0.25 0.000229584
-0.671875 -0.25 0.000319962
-0.65625 -0.25 0.000712087
-0.640625 -0.25 0.00024436
-0.625 -0.25 0.000312547
0.546875 -0.25 1.08597e-05
0.5625 -0.25 0.000414005
0.578125 -0.25 0.00155907
0.59375 -0.25 0.000378934
0.609375 -0.25 1.89508e-06
-0.703125 -0.265625 6.19333e-06
-0.6875 -0.265625 0.00126067
-0.671875 -0.265625 0.000471681
-0.65625 -0.265625 0.000121715
0.546875 -0.265625 3.84145e-06
0.5625 -0.265625 0.000106709
0.578125 -0.265625 0.000110561
0.59375 -0.265625 0.000705443
0.609375 -0.265625 6.35147e-07
-0.703125 -0.28125 0.000461347
-0.6875 -0.28125 0.000699385
-0.671875 -0.28125 0.000111105
-0.65625 -0.28125 4.66979e-12
0.546875 -0.28125 1.37874e-05
0.5625 -0.28125 0.000472902
0.578125 -0.28125 0.00123296
0.59375 -0.28125 0.000238739
0.609375 -0.28125 2.8244e-05
-0.71875 -0.296875 1.04988e-06
-0.703125 -0.296875 0.00058352
-0.6875 -0.296875 0.002101
-0.671875 -0.296875 0.000140369
0.546875 -0.296875 4.65991e-05
0.5625 -0.296875 0.000202942
0.578125 -0.296875 0.000561349
0.59375 -0.296875 0.00036319
0.609375 -0.296875 5.91529e-05
0.625 -0.296875 1.39437e-07
-0.703125 -0.3125 0.000353291
-0.6875 -0.3125 0.000754751
-0.671875 -0.3125 0.000146013
0.53125 -0.3125 2.54962e-06
0.546875 -0.3125 3.81966e-05
0.5625 -0.3125 0.000195463
0.578125 -0.3125 0.000439428
0.59375 -0.3125 0.000671425
0.609375 -0.3125 0.00025072
0.625 -0.3125 0.000309107
0.640625 -0.3125 4.50989e-05
-0.703125 -0.328125 0.000191183
-0.6875 -0.328125 0.000444879
-0.671875 -0.328125 0.000536719
0.53125 -0.328125 2.15524e-06
0.546875 -0.328125 5.73161e-05
0.5625 -0.328125 0.000389131
0.578125 -0.328125 0.000428292
0.59375 -0.328125 0.00018187
0.609375 -0.328125 0.00191104
0.625 -0.328125 0.000701795
0.640625 -0.328125 9.21759e-05
0.65625 -0.328125 3.19026e-07
0.765625 -0.328125 0.000133355
0.78125 -0.328125 0.00120632
0.796875 -0.328125 0.000770723
0.8125 -0.328125 0.000325881
0.828125 -0.328125 6.52486e-05
-0.71875 -0.34375 2.03265e-05
-0.703125 -0.34375 0.00140614
-0.6875 -0.34375 0.000357673
-0.671875 -0.34375 3.24375e-05
0.53125 -0.34375 9.65072e-09
0.546875 -0.34375 7.76711e-06
0.5625 -0.34375 1.64522e-05
0.578125 -0.34375 0.000266513
0.59375 -0.34375 0.00031237
0.609375 -0.34375 0.000375505
0.625 -0.34375 0.00108996
0.640625 -0.34375 0.000903878
0.65625 -0.34375 0.00014605
0.75 -0.34375 0
0.765625 -0.34375 0.000658788
0.78125 -0.34375 0.00101852
0.796875 -0.34375 0.00038979
0.8125 -0.34375 0.00242224
0.828125 -0.34375 0.000849999
0.84375 -0.34375 0.000244568
-0.703125 -0.359375 0.000596933
-0.6875 -0.359375 0.000163905
0.546875 -0.359375 4.81101e-07
0.5625 -0.359375 3.25285e-05
0.578125 -0.359375 2.4934e-05
0.59375 -0.359375 1.40338e-05
0.609375 -0.359375 3.87261e-05
0.625 -0.359375 0.000556121
0.640625 -0.359375 0.000274564
0.65625 -0.359375 0.000580729
0.671875 -0.359375 5.29999e-05
0.6875 -0.359375 3.60764e-05
0.703125 -0.359375 8.57674e-08
0.765625 -0.359375 0.000766522
0.78125 -0.359375 0.000709556
0.796875 -0.359375 2.04326e-06
0.8125 -0.359375 2.6325e-05
0.828125 -0.359375 0.00112065
0.84375 -0.359375 0.00161175
0.859375 -0.359375 3.22632e-05
-0.71875 -0.375 4.57421e-05
-0.703125 -0.375 0.00110002
-0.6875 -0.375 0.000869865
-0.671875 -0.375 1.4546e-05
-0.65625 -0.375 7.64052e-05
-0.640625 -0.375 3.00916e-05
-0.625 -0.375 9.21112e-10
-0.609375 -0.375 3.80091e-10
0.5625 -0.375 4.58777e-08
0.578125 -0.375 3.51695e-10
0.59375 -0.375 3.78988e-10
0.609375 -0.375 5.23325e-07
0.625 -0.375 9.98002e-05
0.640625 -0.375 0.000709693
0.65625 -0.375 0.000459478
0.671875 -0.375 0.000468095
0.6875 -0.375 0.000561019
0.703125 -0.375 0.000363885
0.71875 -0.375 8.75739e-05
0.734375 -0.375 0.000285634
0.75 -0.375 0.000386831
0.765625 -0.375 0.00175517
0.78125 -0.375 0.000411274
0.796875 -0.375 8.21266e-06
0.828125 -0.375 0.000451535
0.84375 -0.375 0.00123403
0.859375 -0.375 0.00204078
0.875 -0.375 0.000456621
-0.703125 -0.390625 0.00012271
-0.6875 -0.390625 0.00068385
-0.671875 -0.390625 0.00022867
-0.65625 -0.390625 0.00052326
-0.640625 -0.390625 0.000784034
-0.625 -0.390625 0.000273657
-0.609375 -0.390625 1.48386e-08
0.625 -0.390625 1.59193e-05
0.640625 -0.390625 0.000146666
0.65625 -0.390625 0.000452313
0.671875 -0.390625 0.000956234
0.6875 -0.390625 0.000683805
0.703125 -0.390625 0.000710807
0.71875 -0.390625 0.00110709
0.734375 -0.390625 0.00093891
0.75 -0.390625 0.000844742
0.765625 -0.390625 0.000273117
0.78125 -0.390625 4.09268e-05
0.84375 -0.390625 0.000454938
0.859375 -0.390625 0.00191145
0.875 -0.390625 0.000774555
-0.703125 -0.40625 3.92196e-05
-0.6875 -0.40625 0.000677949
-0.671875 -0.40625 0.000965017
-0.65625 -0.40625 0.000313318
-0.640625 -0.40625 0.000384205
-0.625 -0.40625 0.000261715
-0.609375 -0.40625 9.93357e-06
0.625 -0.40625 7.48216e-07
0.640625 -0.40625 5.70691e-05
0.65625 -0.40625 0.000128584
0.671875 -0.40625 3.40461e-05
0.6875 -0.40625 0.000128455
0.703125 -0.40625 0.000329105
0.71875 -0.40625 0.000391085
0.734375 -0.40625 0.000146092
0.75 -0.40625 0.00018275
0.765625 -0.40625 2.16126e-05
0.859375 -0.40625 0.000535766
0.875 -0.40625 0.00162624
0.890625 -0.40625 1.00679e-05
-0.671875 -0.421875 0.000176065
-0.65625 -0.421875 1.67851e-08
-0.640625 -0.421875 0.000552841
-0.625 -0.421875 0.000625724
-0.609375 -0.421875 0.000367055
-0.59375 -0.421875 6.47755e-07
0.640625 -0.421875 1.67353e-06
0.65625 -0.421875 7.70346e-06
0.671875 -0.421875 1.74771e-05
0.6875 -0.421875 1.74307e-10
0.703125 -0.421875 5.34075e-06
0.71875 -0.421875 4.77097e-05
0.734375 -0.421875 8.68359e-06
0.75 -0.421875 2.83091e-06
0.859375 -0.421875 0.00111024
0.875 -0.421875 0.00171827
0.890625 -0.421875 9.0246e-05
-0.640625 -0.4375 0.000388545
-0.625 -0.4375 0.000231016
-0.609375 -0.4375 0.000153054
-0.59375 -0.4375 1.79637e-07
0.859375 -0.4375 0.000593386
0.875 -0.4375 0.00161955
-0.65625 -0.453125 8.1247e-06
-0.640625 -0.453125 0.000343401
-0.625 -0.453125 0.000688147
-0.609375 -0.453125 6.565e-06
0.859375 -0.453125 0.000491444
0.875 -0.453125 0.000932555
0.890625 -0.453125 0.00104675
0.90625 -0.453125 0.000201792
-0.65625 -0.46875 0.000220483
-0.640625 -0.46875 0.000226069
-0.625 -0.46875 0.000249025
-0.609375 -0.46875 7.84214e-06
0.859375 -0.46875 1.07352e-07
0.875 -0.46875 0.0010348
0.890625 -0.46875 0.00217211
0.90625 -0.46875 0.00151442
-0.671875 -0.484375 1.532e-05
-0.65625 -0.484375 0.000627734
-0.640625 -0.484375 0.000216839
-0.625 -0.484375 1.51238e-05
-0.609375 -0.484375 2.07841e-09
0.890625 -0.484375 0.000561791
0.90625 -0.484375 0.00119125
-0.671875 -0.5 0.00035009
-0.65625 -0.5 0.00122581
-0.640625 -0.5 0.000483611
0.875 -0.5 0.000145181
0.890625 -0.5 0.00237933
0.90625 -0.5 0.000189786
-0.6875 -0.515625 0.000145062
-0.671875 -0.515625 0.000320061
-0.65625 -0.515625 0.000203563
-0.640625 -0.515625 2.20425e-05
0.875 -0.515625 5.02006e-05
0.890625 -0.515625 0.00141499
0.90625 -0.515625 0.000381033
-0.6875 -0.53125 0.000115132
-0.671875 -0.53125 0.000305091
-0.65625 -0.53125 5.08822e-05
0.859375 -0.53125 4.40725e-06
0.875 -0.53125 0.000609215
0.890625 -0.53125 0.00143982
0.90625 -0.53125 3.07883e-05
-0.703125 -0.546875 1.80073e-05
-0.6875 -0.546875 0.000591777
-0.671875 -0.546875 0.000383106
-0.65625 -0.546875 1.09766e-11
0.859375 -0.546875 3.37084e-11
0.875 -0.546875 0.00194742
0.890625 -0.546875 0.000566497
-0.703125 -0.5625 9.53753e-05
-0.6875 -0.5625 0.00041309
-0.671875 -0.5625 0.000321214
-0.65625 -0.5625 1.36978e-11
0.84375 -0.5625 2.63081e-12
0.859375 -0.5625 0.000770584
0.875 -0.5625 0.00127413
0.890625 -0.5625 0.000361191
-0.6875 -0.578125 0.00033294
-0.671875 -0.578125 0.000455776
0.84375 -0.578125 0.000220768
0.859375 -0.578125 0.0013002
0.875 -0.578125 0.000131919
-0.703125 -0.59375 0.000276296
-0.6875 -0.59375 0.000527777
-0.671875 -0.59375 0.000104146
0.828125 -0.59375 2.8729e-09
0.84375 -0.59375 0.000544705
0.859375 -0.59375 0.00122626
0.875 -0.59375 1.05951e-08
-0.703125 -0.609375 9.06898e-05
-0.6875 -0.609375 0.000754354
-0.671875 -0.609375 0.000226076
-0.65625 -0.609375 0.000139571
0.828125 -0.609375 4.30469e-07
0.84375 -0.609375 0.00107723
0.859375 -0.609375 0.000379729
0.875 -0.609375 0.000143219
-0.703125 -0.625 9.22827e-06
-0.6875 -0.625 0.0018648
-0.671875 -0.625 0.000440729
-0.65625 -0.625 0.000127448
-0.640625 -0.625 1.22512e-05
0.84375 -0.625 0.000482555
0.859375 -0.625 0.002004
0.875 -0.625 0.00124969
0.890625 -0.625 0.000426586
-0.671875 -0.640625 0.000368549
-0.65625 -0.640625 0.000310544
-0.640625 -0.640625 0.000279603
0.859375 -0.640625 0.000149081
0.875 -0.640625 0.000318417
0.890625 -0.640625 0.0036644
-0.671875 -0.65625 0.000341031
-0.65625 -0.65625 0.00101387
-0.640625 -0.65625 4.44934e-05
0.859375 -0.65625 1.16136e-06
0.875 -0.65625 0.000616726
0.890625 -0.65625 0.00181727
-0.671875 -0.671875 0.000144809
-0.65625 -0.671875 0.000773667
-0.640625 -0.671875 5.79437e-05
-0.53125 -0.671875 2.95922e-09
0.859375 -0.671875 4.57582e-07
0.875 -0.671875 0.00285406
0.890625 -0.671875 9.84555e-05
-0.671875 -0.6875 9.28916e-05
-0.65625 -0.6875 0.00233104
-0.640625 -0.6875 0.000263314
-0.5625 -0.6875 6.26551e-05
-0.546875 -0.6875 4.20534e-05
-0.53125 -0.6875 3.33559e-05
-0.515625 -0.6875 8.18435e-08
0.84375 -0.6875 4.75026e-05
0.859375 -0.6875 0.000311634
0.875 -0.6875 0.00153637
0.890625 -0.6875 0.0002354
-0.65625 -0.703125 0.00127006
-0.640625 -0.703125 0.0004587
-0.625 -0.703125 0.00021405
-0.59375 -0.703125 3.68927e-06
-0.578125 -0.703125 0.000164694
-0.5625 -0.703125 0.000320606
-0.546875 -0.703125 0.00031673
-0.53125 -0.703125 0.000329111
-0.515625 -0.703125 0.000224655
-0.5 -0.703125 4.96786e-05
-0.484375 -0.703125 1.27955e-06
0.8125 -0.703125 2.79255e-05
0.828125 -0.703125 0.000752566
0.84375 -0.703125 0.00104245
0.859375 -0.703125 0.0024324
0.875 -0.703125 0.000356634
-0.65625 -0.71875 0.000104229
-0.640625 -0.71875 0.000901715
-0.625 -0.71875 0.00111163
-0.609375 -0.71875 0.000237422
-0.59375 -0.71875 3.69423e-05
-0.578125 -0.71875 0.000314467
-0.5625 -0.71875 0.00056903
-0.546875 -0.71875 0.000482729
-0.53125 -0.71875 0.000605486
-0.515625 -0.71875 0.000277209
-0.5 -0.71875 0.000471802
-0.484375 -0.71875 5.15304e-05
-0.46875 -0.71875 1.38257e-06
0.8125 -0.71875 0.00015566
0.828125 -0.71875 0.00116196
0.84375 -0.71875 0.000129008
-0.640625 -0.734375 4.53911e-05
-0.625 -0.734375 0.000633895
-0.609375 -0.734375 0.00085437
-0.59375 -0.734375 0.000808862
-0.578125 -0.734375 0.000758589
-0.5625 -0.734375 0.000175215
-0.53125 -0.734375 5.51418e-08
-0.515625 -0.734375 8.44657e-05
-0.5 -0.734375 0.000448852
-0.484375 -0.734375 0.000351978
-0.46875 -0.734375 1.55826e-05
0.8125 -0.734375 0.000148857
0.828125 -0.734375 0.000515867
0.84375 -0.734375 5.10737e-05
-0.625 -0.75 8.18844e-05
-0.609375 -0.75 0.000122949
-0.59375 -0.75 0.000370017
-0.578125 -0.75 0.000112575
-0.515625 -0.75 8.16278e-08
-0.5 -0.75 0.000104883
-0.484375 -0.75 0.000344494
-0.46875 -0.75 4.22602e-06
0.765625 -0.75 3.75436e-05
0.78125 -0.75 9.94881e-05
0.796875 -0.75 0.000144325
0.8125 -0.75 0.000832356
0.828125 -0.75 0.0018235
0.84375 -0.75 2.55841e-05
-0.5 -0.765625 0.000106691
-0.484375 -0.765625 0.000916917
-0.46875 -0.765625 0.000292617
-0.453125 -0.765625 1.15641e-06
0.75 -0.765625 1.0666e-10
0.765625 -0.765625 0.000272962
0.78125 -0.765625 0.00151306
0.796875 -0.765625 0.000608316
0.8125 -0.765625 0.000395877
0.828125 -0.765625 0.000100247
-0.5 -0.78125 5.3821e-05
-0.484375 -0.78125 0.000417348
-0.46875 -0.78125 0.000638002
-0.453125 -0.78125 4.09682e-05
-0.4375 -0.78125 8.49811e-09
0.671875 -0.78125 3.17647e-09
0.703125 -0.78125 2.5775e-11
0.71875 -0.78125 0.000103902
0.734375 -0.78125 0.000526217
0.75 -0.78125 0.000644745
0.765625 -0.78125 0.000644019
0.78125 -0.78125 0.00065149
0.796875 -0.78125 1.56564e-06
-0.484375 -0.796875 0.000302913
-0.46875 -0.796875 0.000825848
-0.453125 -0.796875 1.24153e-05
0.671875 -0.796875 3.20322e-05
0.6875 -0.796875 0.000235464
0.703125 -0.796875 0.000363583
0.71875 -0.796875 0.00137739
0.734375 -0.796875 0.000970539
0.75 -0.796875 0.000431651
0.765625 -0.796875 0.00146478
-0.5 -0.8125 2.8723e-08
-0.484375 -0.8125 0.000907302
-0.46875 -0.8125 0.000308383
-0.453125 -0.8125 2.96926e-11
0.640625 -0.8125 1.78085e-08
0.65625 -0.8125 2.42257e-07
0.671875 -0.8125 0.000807464
0.6875 -0.8125 0.00144566
0.703125 -0.8125 0.000505682
0.71875 -0.8125 0.000669205
0.734375 -0.8125 0.000125412
-0.484375 -0.828125 0.000688886
-0.46875 -0.828125 0.000690441
-0.453125 -0.828125 0.00015542
0.625 -0.828125 1.91086e-06
0.640625 -0.828125 7.26915e-05
0.65625 -0.828125 0.00011261
0.671875 -0.828125 0.001133
0.6875 -0.828125 0.000768993
0.703125 -0.828125 7.86766e-08
0.71875 -0.828125 1.41631e-08
-0.484375 -0.84375 7.11343e-05
-0.46875 -0.84375 0.000638383
-0.453125 -0.84375 4.23725e-05
0.625 -0.84375 3.4675e-06
0.640625 -0.84375 0.000435528
0.65625 -0.84375 0.00103757
0.671875 -0.84375 0.000132719
0.6875 -0.84375 1.26819e-06
-0.484375 -0.859375 0.000277955
-0.46875 -0.859375 0.000702226
-0.453125 -0.859375 2.4181e-06
0.640625 -0.859375 0.00114892
0.65625 -0.859375 0.00010871
-0.484375 -0.875 0.000327015
-0.46875 -0.875 0.000670557
-0.453125 -0.875 7.39911e-05
-0.03125 -0.875 1.76625e-08
-0.015625 -0.875 3.8664e-06
0 -0.875 5.98512e-06
0.015625 -0.875 7.53279e-07
0.03125 -0.875 6.95148e-08
0.625 -0.875 4.54627e-05
0.640625 -0.875 0.00144662
0.65625 -0.875 0.000270838
-0.484375 -0.890625 0.000382549
-0.46875 -0.890625 0.000385562
-0.453125 -0.890625 0.000553432
-0.4375 -0.890625 1.14324e-05
-0.03125 -0.890625 1.95885e-05
-0.015625 -0.890625 3.81235e-05
0 -0.890625 0.000134101
0.015625 -0.890625 4.88568e-05
0.03125 -0.890625 1.41158e-05
0.078125 -0.890625 5.4666e-10
0.09375 -0.890625 3.0354e-06
0.109375 -0.890625 2.9682e-06
0.125 -0.890625 4.4017e-08
0.625 -0.890625 0.000105941
0.640625 -0.890625 0.000721779
0.65625 -0.890625 0.000334284
-0.46875 -0.90625 8.42037e-05
-0.453125 -0.90625 0.000539045
-0.4375 -0.90625 2.0464e-10
-0.09375 -0.90625 9.08736e-10
-0.078125 -0.90625 2.60635e-07
-0.03125 -0.90625 0.000115424
-0.015625 -0.90625 0.000174638
0 -0.90625 0.00042084
0.015625 -0.90625 0.000234499
0.03125 -0.90625 1.2711e-05
0.046875 -0.90625 9.86539e-07
0.0625 -0.90625 2.49622e-06
0.078125 -0.90625 4.87453e-05
0.09375 -0.90625 0.000166463
0.109375 -0.90625 0.000222285
0.125 -0.90625 2.87718e-06
0.640625 -0.90625 0.00043597
0.65625 -0.90625 0.000891112
0.671875 -0.90625 0.000494424
0.6875 -0.90625 0.000847826
-0.46875 -0.921875 0.000846324
-0.453125 -0.921875 0.000133752
-0.109375 -0.921875 7.85909e-09
-0.09375 -0.921875 1.45172e-05
-0.078125 -0.921875 0.000113206
-0.0625 -0.921875 0.000246132
-0.046875 -0.921875 7.19521e-05
-0.03125 -0.921875 0.000207649
-0.015625 -0.921875 0.00144734
0 -0.921875 0.000190938
0.015625 -0.921875 0.000241332
0.03125 -0.921875 0.000560012
0.046875 -0.921875 0.000259557
0.0625 -0.921875 0.000387339
0.078125 -0.921875 0.00105439
0.09375 -0.921875 0.000692951
0.109375 -0.921875 0.000441714
0.125 -0.921875 1.54778e-05
0.640625 -0.921875 2.44019e-07
0.65625 -0.921875 0.00020429
0.671875 -0.921875 0.000331306
0.6875 -0.921875 0.0008828
-0.46875 -0.9375 0.000954194
-0.453125 -0.9375 0.000355199
-0.4375 -0.9375 1.85612e-10
-0.421875 -0.9375 2.75013e-10
-0.109375 -0.9375 7.94719e-09
-0.09375 -0.9375 0.000319565
-0.078125 -0.9375 0.000636487
-0.0625 -0.9375 0.000372653
-0.046875 -0.9375 0.00102467
-0.03125 -0.9375 0.000419285
-0.015625 -0.9375 8.71051e-05
0 -0.9375 2.74679e-05
0.015625 -0.9375 2.92444e-05
0.03125 -0.9375 8.54503e-05
0.046875 -0.9375 0.000323333
0.0625 -0.9375 0.000614168
0.078125 -0.9375 0.00123354
0.09375 -0.9375 0.000396708
0.109375 -0.9375 0.00028336
0.125 -0.9375 0.000770226
0.140625 -0.9375 3.92609e-06
0.171875 -0.9375 2.07199e-10
0.1875 -0.9375 2.58911e-07
0.203125 -0.9375 5.07684e-06
0.671875 -0.9375 0.0021014
0.6875 -0.9375 0.0016419
-0.46875 -0.953125 0.00029353
-0.453125 -0.953125 0.00254782
-0.4375 -0.953125 0.000375615
-0.421875 -0.953125 0.00020388
-0.109375 -0.953125 3.04344e-05
-0.09375 -0.953125 0.000175777
-0.078125 -0.953125 0.00100996
-0.0625 -0.953125 0.00041917
-0.046875 -0.953125 0.000106069
-0.03125 -0.953125 2.7232e-07
-0.015625 -0.953125 2.55655e-08
0.03125 -0.953125 2.41257e-07
0.046875 -0.953125 1.28117e-05
0.0625 -0.953125 5.55771e-05
0.078125 -0.953125 4.58711e-05
0.09375 -0.953125 2.62324e-05
0.109375 -0.953125 0.000395792
0.125 -0.953125 0.000553685
0.140625 -0.953125 0.000704219
0.15625 -0.953125 0.00028831
0.171875 -0.953125 5.31724e-05
0.1875 -0.953125 0.000354329
0.203125 -0.953125 0.000153095
0.21875 -0.953125 1.18023e-06
0.65625 -0.953125 0.000931566
0.671875 -0.953125 0.000784176
0.6875 -0.953125 0.000151784
-0.453125 -0.96875 0.00056542
-0.4375 -0.96875 0.000386582
-0.421875 -0.96875 0.000897131
-0.40625 -0.96875 0.000136025
-0.125 -0.96875 1.13773e-05
-0.109375 -0.96875 0.000364819
-0.09375 -0.96875 0.000320235
-0.078125 -0.96875 0.00034121
-0.0625 -0.96875 3.29484e-05
0.125 -0.96875 0.000287591
0.140625 -0.96875 0.00112095
0.15625 -0.96875 0.000889223
0.171875 -0.96875 0.000453408
0.1875 -0.96875 0.000911433
0.203125 -0.96875 0.00049086
0.21875 -0.96875 0.000119359
0.234375 -0.96875 2.72994e-05
0.609375 -0.96875 1.15553e-05
0.625 -0.96875 5.64875e-13
0.640625 -0.96875 0.000297742
0.65625 -0.96875 0.00226885
0.671875 -0.96875 0.00113308
-0.421875 -0.984375 0.00019534
-0.40625 -0.984375 0.000107175
-0.125 -0.984375 4.93353e-05
-0.109375 -0.984375 0.000952934
-0.09375 -0.984375 0.000604336
-0.078125 -0.984375 1.0874e-05
0.125 -0.984375 3.23011e-07
0.140625 -0.984375 1.72498e-05
0.15625 -0.984375 0.000109873
0.171875 -0.984375 0.00117257
0.1875 -0.984375 5.93791e-05
0.203125 -0.984375 0.000144572
0.21875 -0.984375 0.00145928
0.234375 -0.984375 5.04738e-05
0.28125 -0.984375 3.22471e-10
0.296875 -0.984375 1.09531e-06
0.3125 -0.984375 8.37317e-05
0.453125 -0.984375 0.000176469
0.46875 -0.984375 0.000270025
0.484375 -0.984375 0.000153483
0.5 -0.984375 2.91953e-06
0.59375 -0.984375 6.54641e-07
0.609375 -0.984375 0.00070229
0.625 -0.984375 0.00154591
0.640625 -0.984375 0.00136336
0.65625 -0.984375 0.000385159
-0.421875 -1 0.00086882
-0.40625 -1 0.000163149
-0.328125 -1 1.27901e-06
-0.3125 -1 3.17719e-07
-0.125 -1 1.69865e-06
-0.109375 -1 0.000330715
-0.09375 -1 0.000190819
0.171875 -1 1.08656e-06
0.203125 -1 0.000262898
0.21875 -1 0.000409491
0.234375 -1 0.000384166
0.25 -1 8.48473e-05
0.265625 -1 5.55726e-05
0.28125 -1 0.000211075
0.296875 -1 0.000869654
0.3125 -1 0.000738546
0.328125 -1 0.000316869
0.34375 -1 3.29871e-10
0.421875 -1 4.0772e-10
0.4375 -1 0.000315279
0.453125 -1 0.000544792
0.46875 -1 0.000385066
0.484375 -1 0.00155014
0.5 -1 0.00109848
0.515625 -1 0.000241307
0.53125 -1 0.000248307
0.546875 -1 6.9091e-11
0.5625 -1 5.66631e-06
0.578125 -1 1.90009e-05
0.59375 -1 0.000543009
0.609375 -1 0.00139909
0.625 -1 0.000381732
-0.421875 -1.01562 0.00154605
-0.40625 -1.01562 0.000815578
-0.390625 -1.01562 9.05915e-05
-0.375 -1.01562 1.17361e-06
-0.359375 -1.01562 4.72625e-05
-0.34375 -1.01562 0.000491857
-0.328125 -1.01562 0.000484366
-0.3125 -1.01562 3.54035e-05
-0.296875 -1.01562 2.61194e-05
-0.125 -1.01562 1.11481e-05
-0.109375 -1.01562 0.000591592
-0.09375 -1.01562 0.000139857
0.21875 -1.01562 0.000104966
0.234375 -1.01562 0.00111877
0.25 -1.01562 0.00173382
0.265625 -1.01562 0.000190003
0.28125 -1.01562 0.000753893
0.296875 -1.01562 0.000697443
0.3125 -1.01562 0.000202368
0.328125 -1.01562 0.000803648
0.34375 -1.01562 0.000532409
0.421875 -1.01562 8.44885e-06
0.4375 -1.01562 0.000973469
0.453125 -1.01562 0.000344456
0.46875 -1.01562 1.52941e-08
0.484375 -1.01562 1.15132e-05
0.5 -1.01562 0.000380345
0.515625 -1.01562 0.00112111
0.53125 -1.01562 0.00116117
0.546875 -1.01562 0.00100393
0.5625 -1.01562 0.00144766
0.578125 -1.01562 0.00118845
0.59375 -1.01562 0.000814862
0.609375 -1.01562 0.00177754
-0.421875 -1.03125 8.29174e-05
-0.40625 -1.03125 0.00113871
-0.390625 -1.03125 0.000466961
-0.375 -1.03125 0.000568014
-0.359375 -1.03125 0.000845207
-0.34375 -1.03125 0.00052778
-0.328125 -1.03125 0.000293744
-0.3125 -1.03125 0.000467745
-0.296875 -1.03125 0.000508788
-0.28125 -1.03125 4.3997e-12
-0.125 -1.03125 2.45007e-07
-0.109375 -1.03125 0.000537584
-0.09375 -1.03125 0.000382833
-0.078125 -1.03125 0.000416274
0.234375 -1.03125 4.60458e-07
0.25 -1.03125 0.000227647
0.265625 -1.03125 0.000848415
0.28125 -1.03125 0.000589486
0.296875 -1.03125 8.25659e-05
0.328125 -1.03125 0.000544763
0.34375 -1.03125 0.000290532
0.359375 -1.03125 0.000122899
0.375 -1.03125 1.71966e-05
0.390625 -1.03125 1.14172e-05
0.40625 -1.03125 2.34201e-05
0.421875 -1.03125 1.11819e-06
0.4375 -1.03125 0.000383798
0.453125 -1.03125 0.00038642
0.53125 -1.03125 4.9589e-05
0.546875 -1.03125 0.00048122
0.5625 -1.03125 0.000649388
0.578125 -1.03125 0.000582271
0.59375 -1.03125 0.000443694
-0.390625 -1.04688 0.000577243
-0.375 -1.04688 0.000728716
-0.359375 -1.04688 0.00154617
-0.34375 -1.04688 0.00034886
-0.328125 -1.04688 4.99312e-07
-0.3125 -1.04688 0.000354035
-0.296875 -1.04688 0.000392309
-0.28125 -1.04688 0.000126154
-0.109375 -1.04688 2.14935e-06
-0.09375 -1.04688 0.000233116
-0.078125 -1.04688 0.00116374
-0.0625 -1.04688 0.000193152
0.328125 -1.04688 1.069e-05
0.34375 -1.04688 0.000152909
0.359375 -1.04688 0.000580188
0.375 -1.04688 0.000631941
0.390625 -1.04688 0.000347336
0.40625 -1.04688 0.000921917
0.421875 -1.04688 0.00141602
0.4375 -1.04688 0.00116364
0.453125 -1.04688 0.000159187
-0.375 -1.0625 2.68821e-05
-0.296875 -1.0625 0.000646634
-0.28125 -1.0625 0.00119371
-0.265625 -1.0625 0.00035558
-0.109375 -1.0625 1.89894e-05
-0.09375 -1.0625 0.000753594
-0.078125 -1.0625 0.00146112
-0.0625 -1.0625 1.15116e-05
0.359375 -1.0625 3.872e-05
0.375 -1.0625 0.000204004
0.390625 -1.0625 0.000647268
0.40625 -1.0625 0.000245342
0.421875 -1.0625 0.000377104
0.4375 -1.0625 0.000162156
-0.28125 -1.07812 0.000360316
-0.265625 -1.07812 0.000687407
-0.25 -1.07812 0.000729181
-0.234375 -1.07812 0.00016957
-0.203125 -1.07812 0.000287934
-0.1875 -1.07812 0.000556238
-0.171875 -1.07812 0.000193789
-0.15625 -1.07812 1.2716e-06
-0.140625 -1.07812 5.99946e-05
-0.125 -1.07812 0.000767912
-0.109375 -1.07812 0.00154582
-0.09375 -1.07812 0.000680943
-0.078125 -1.07812 2.33898e-06
-0.265625 -1.09375 0.000275949
-0.25 -1.09375 0.000763096
-0.234375 -1.09375 0.00183547
-0.21875 -1.09375 0.000495635
-0.203125 -1.09375 0.00178197
-0.1875 -1.09375 0.000982988
-0.171875 -1.09375 0.000504881
-0.15625 -1.09375 0.00120703
-0.140625 -1.09375 0.00161274
-0.125 -1.09375 0.00161311
-0.109375 -1.09375 0.000443396
-0.234375 -1.10938 0.000579901
-0.21875 -1.10938 0.0014461
-0.203125 -1.10938 0.000299993
-0.171875 -1.10938 2.20218e-05
-0.15625 -1.10938 0.000211967
-0.140625 -1.10938 0.000839823
-0.125 -1.10938 0.000146637
1.4129
1.41288
1999 65536
4
