0.015625
0.109375 1.125 0.0015888
0.125 1.125 0.00017764
0.140625 1.125 0.00313096
0.15625 1.125 0.000527545
0.1875 1.125 0.00694497
0.203125 1.125 0.000146464
0.21875 1.125 0.00036381
0.09375 1.10938 0.00165828
0.109375 1.10938 0.000235046
0.125 1.10938 0.000313739
0.140625 1.10938 7.86716e-05
0.15625 1.10938 0.000606491
0.171875 1.10938 0.000692423
0.1875 1.10938 0.00010819
0.203125 1.10938 0.000342855
0.21875 1.10938 0.00036381
0.234375 1.10938 0.000217339
0.25 1.10938 0.00527872
0.0625 1.09375 0.000371678
0.078125 1.09375 0.000485724
0.09375 1.09375 0.000171279
0.109375 1.09375 0.000268152
0.125 1.09375 0.000346874
0.140625 1.09375 0.000289461
0.15625 1.09375 0.000134207
0.171875 1.09375 0.000163674
0.1875 1.09375 0.000251623
0.21875 1.09375 0.000305446
0.234375 1.09375 0.000278586
0.25 1.09375 6.12278e-05
0.265625 1.09375 0.000488108
-0.453125 1.07812 0.000965257
-0.4375 1.07812 0.00148966
-0.421875 1.07812 0.000524047
-0.40625 1.07812 0.000505042
-0.390625 1.07812 0.000107293
-0.375 1.07812 0.000209526
0.046875 1.07812 0.00051238
0.0625 1.07812 0.00104753
0.078125 1.07812 0.000113806
0.09375 1.07812 0.000113806
0.25 1.07812 0.000466632
0.265625 1.07812 9.16915e-05
0.28125 1.07812 0.00201137
0.359375 1.07812 0.00872031
-0.46875 1.0625 0.000993476
-0.453125 1.0625 0.00109185
-0.4375 1.0625 0.000126388
-0.421875 1.0625 0.000188739
-0.40625 1.0625 0.000169409
-0.390625 1.0625 0.000169409
-0.375 1.0625 0.000209527
-0.359375 1.0625 0.00010222
-0.34375 1.0625 0.000268077
0.046875 1.0625 0.000561432
0.0625 1.0625 0.000561432
0.078125 1.0625 0.000162849
0.09375 1.0625 0.000145789
0.265625 1.0625 0.000325711
0.28125 1.0625 8.38827e-05
0.296875 1.0625 0.00059025
0.3125 1.0625 0.000536297
0.328125 1.0625 0.000559776
0.34375 1.0625 0.000343979
0.359375 1.0625 0.000356403
0.375 1.0625 0.000440886
-0.609375 1.04688 0.00131929
-0.59375 1.04688 0.00031722
-0.578125 1.04688 0.000303215
-0.5625 1.04688 0.000469951
-0.546875 1.04688 0.000166694
-0.46875 1.04688 2.81822e-05
-0.453125 1.04688 0.000179634
-0.4375 1.04688 0.000151431
-0.421875 1.04688 0.000213731
-0.40625 1.04688 6.20998e-05
-0.390625 1.04688 0.000120514
-0.375 1.04688 5.84138e-05
-0.359375 1.04688 0.000160687
-0.34375 1.04688 0.00028935
-0.3125 1.04688 0.000202173
-0.296875 1.04688 0.000910649
-0.28125 1.04688 0.000999652
-0.265625 1.04688 8.8966e-05
-0.25 1.04688 0.000170574
0.0625 1.04688 0.000348983
0.078125 1.04688 8.98211e-05
0.09375 1.04688 7.27551e-05
0.109375 1.04688 0.000528783
0.265625 1.04688 0.000565987
0.28125 1.04688 0.000324127
0.296875 1.04688 5.34333e-05
0.3125 1.04688 0.000656895
0.328125 1.04688 2.33806e-05
0.34375 1.04688 0.000374103
0.359375 1.04688 0.000386524
0.375 1.04688 3.58108e-05
0.390625 1.04688 0.000299697
0.40625 1.04688 0.000210537
-0.625 1.03125 0.00018926
-0.609375 1.03125 0.000203245
-0.59375 1.03125 1.3983e-05
-0.578125 1.03125 0.000385511
-0.5625 1.03125 0.000235111
-0.546875 1.03125 0.000166694
-0.53125 1.03125 0.000200297
-0.515625 1.03125 3.33956e-05
-0.5 1.03125 7.4148e-05
-0.484375 1.03125 6.89414e-05
-0.46875 1.03125 9.3912e-05
-0.453125 1.03125 2.49698e-05
-0.4375 1.03125 2.49697e-05
-0.359375 1.03125 7.9697e-05
-0.34375 1.03125 2.12467e-05
-0.328125 1.03125 0.000283273
-0.3125 1.03125 0.000132618
-0.296875 1.03125 3.6406e-05
-0.28125 1.03125 0.000140412
-0.265625 1.03125 0.00019297
-0.25 1.03125 0.000319533
-0.234375 1.03125 8.1604e-05
0.078125 1.03125 9.4446e-05
0.09375 1.03125 4.07785e-05
0.109375 1.03125 0.00061313
0.28125 1.03125 0.000293688
0.296875 1.03125 0.000256088
0.3125 1.03125 4.29251e-05
0.328125 1.03125 0.00045603
0.34375 1.03125 5.33841e-05
0.359375 1.03125 6.5817e-05
0.375 1.03125 0.000119167
0.390625 1.03125 5.33487e-05
0.40625 1.03125 0.000179539
-0.640625 1.01562 0.000198859
-0.625 1.01562 0.00019886
-0.609375 1.01562 5.56174e-05
-0.59375 1.01562 1.39829e-05
-0.578125 1.01562 8.20127e-05
-0.5625 1.01562 6.80181e-05
-0.546875 1.01562 0.000176423
-0.53125 1.01562 0.000141802
-0.515625 1.01562 0.000182557
-0.5 1.01562 4.07524e-05
-0.484375 1.01562 4.07524e-05
-0.46875 1.01562 6.78137e-05
-0.453125 1.01562 5.20301e-05
-0.4375 1.01562 0.0041238
-0.359375 1.01562 0.00119899
-0.34375 1.01562 2.12467e-05
-0.328125 1.01562 0.000117489
-0.3125 1.01562 9.6212e-05
-0.296875 1.01562 0.000417653
-0.28125 1.01562 0.000104004
-0.265625 1.01562 0.000148956
-0.25 1.01562 4.49506e-05
-0.234375 1.01562 0.000126562
-0.21875 1.01562 0.000627027
-0.1875 1.01562 0.000421581
0.078125 1.01562 5.36665e-05
0.09375 1.01562 0.000239234
0.109375 1.01562 0.000116235
0.296875 1.01562 0.000202654
0.3125 1.01562 0.000562384
0.390625 1.01562 0.000291451
0.40625 1.01562 0.000128032
-0.671875 1 0.000391712
-0.65625 1 0.000319389
-0.640625 1 9.59785e-06
-0.625 1 5.12314e-05
-0.609375 1 4.1633e-05
-0.515625 1 0.000222205
-0.5 1 0.000154503
-0.484375 1 0.000181564
-0.46875 1 2.70591e-05
-0.328125 1 0.000478387
-0.3125 1 9.62119e-05
-0.296875 1 0.000277235
-0.25 1 4.49506e-05
-0.234375 1 0.00020085
-0.21875 1 0.000155887
-0.203125 1 0.000754599
-0.1875 1 0.00020918
-0.171875 1 0.000106799
-0.15625 1 7.47266e-05
-0.140625 1 0.000529008
0.0625 1 9.01824e-05
0.078125 1 0.000118735
0.09375 1 2.85525e-05
0.109375 1 0.000513804
0.390625 1 0.000373993
0.40625 1 0.000135914
-0.6875 0.984375 8.19273e-05
-0.671875 0.984375 0.000222763
-0.65625 0.984375 0.000150443
-0.640625 0.984375 0.000150443
-0.625 0.984375 0.000239196
-0.25 0.984375 0.000765432
-0.234375 0.984375 0.000468893
-0.21875 0.984375 0.000155887
-0.203125 0.984375 0.00033299
-0.1875 0.984375 0.00020918
-0.171875 0.984375 0.000306583
-0.15625 0.984375 7.47267e-05
-0.140625 0.984375 9.02648e-05
0.046875 0.984375 9.31863e-05
0.0625 0.984375 5.67586e-05
0.078125 0.984375 4.87946e-05
0.09375 0.984375 0.000417796
0.109375 0.984375 0.00039755
0.390625 0.984375 6.12209e-05
0.40625 0.984375 0.000242892
0.421875 0.984375 5.70899e-05
0.4375 0.984375 0.00293548
-0.703125 0.96875 0.00920103
-0.6875 0.96875 0.000169717
-0.671875 0.96875 0.000222763
-0.234375 0.96875 0.000268039
-0.21875 0.96875 0.00066569
-0.203125 0.96875 0.000418861
-0.1875 0.96875 0.000199754
-0.171875 0.96875 2.26402e-05
-0.15625 0.96875 0.000135547
-0.140625 0.96875 0.000128444
-0.125 0.96875 1.55352e-05
-0.109375 0.96875 5.0759e-05
-0.09375 0.96875 0.000755683
-0.078125 0.96875 0.00079604
-0.0625 0.96875 5.30597e-05
-0.046875 0.96875 0.000548272
0 0.96875 0.000337323
0.015625 0.96875 0.000456427
0.03125 0.96875 5.66693e-05
0.046875 0.96875 9.89683e-05
0.0625 0.96875 9.90596e-05
0.078125 0.96875 2.02419e-05
0.09375 0.96875 0.000259055
0.40625 0.96875 4.98527e-05
0.421875 0.96875 0.000106955
0.4375 0.96875 0.000210515
0.453125 0.96875 0.000484777
-0.703125 0.953125 8.77893e-05
-0.6875 0.953125 8.77893e-05
-0.21875 0.953125 0.000509798
-0.203125 0.953125 0.00024176
-0.1875 0.953125 0.000732215
-0.15625 0.953125 6.08183e-05
-0.140625 0.953125 3.81779e-05
-0.125 0.953125 0.000125056
-0.109375 0.953125 7.13422e-05
-0.09375 0.953125 5.77396e-05
-0.078125 0.953125 7.55763e-05
-0.0625 0.953125 0.000188349
-0.046875 0.953125 4.98713e-05
-0.03125 0.953125 0.000100512
-0.015625 0.953125 0.000101823
0 0.953125 0.000101823
0.015625 0.953125 0.000113612
0.03125 0.953125 0.000119099
0.046875 0.953125 0.000119121
0.0625 0.953125 4.22978e-05
0.078125 0.953125 0.000320792
0.09375 0.953125 0.000258244
0.40625 0.953125 0.00293056
0.421875 0.953125 0.000170945
0.4375 0.953125 0.00027451
0.453125 0.953125 0.000370606
-0.703125 0.9375 0.000285264
-0.6875 0.9375 0.000169663
-0.671875 0.9375 8.1872e-05
-0.65625 0.9375 8.18719e-05
-0.140625 0.9375 0.00029179
-0.125 0.9375 7.42965e-05
-0.109375 0.9375 3.61184e-05
-0.09375 0.9375 9.2704e-05
-0.078125 0.9375 2.25161e-05
-0.0625 0.9375 8.54138e-05
-0.046875 0.9375 0.000112771
-0.03125 0.9375 0.000185381
-0.015625 0.9375 5.06412e-05
0 0.9375 0.000197411
0.015625 0.9375 0.000146746
0.03125 0.9375 8.25833e-05
0.046875 0.9375 6.24503e-05
0.0625 0.9375 8.18873e-05
0.078125 0.9375 1.94353e-05
0.09375 0.9375 0.0228166
0.4375 0.9375 0.000162507
0.453125 0.9375 0.000258603
-0.703125 0.921875 0.000197472
-0.6875 0.921875 0.000289849
-0.671875 0.921875 9.2371e-05
-0.65625 0.921875 0.000160806
-0.140625 0.921875 0.000559005
-0.125 0.921875 0.000377298
-0.109375 0.921875 0.000412371
-0.09375 0.921875 3.49638e-05
-0.078125 0.921875 0.000375972
-0.0625 0.921875 0.000318465
-0.046875 0.921875 0.000147749
-0.03125 0.921875 0.000135502
-0.015625 0.921875 0.000358778
0 0.921875 8.4211e-05
0.015625 0.921875 0.00129238
0.0625 0.921875 0.00300868
0.078125 0.921875 0.00300785
0.421875 0.921875 0.000589516
0.4375 0.921875 4.14121e-05
0.453125 0.921875 0.000395019
-0.671875 0.90625 1.04911e-05
-0.65625 0.90625 0.000171536
-0.640625 0.90625 0.000229517
-0.140625 0.90625 0.00444413
-0.125 0.90625 0.00101868
-0.109375 0.90625 0.000712758
-0.09375 0.90625 0.000712758
-0.046875 0.90625 0.000586127
-0.03125 0.90625 0.00033058
-0.015625 0.90625 0.000223843
0 0.90625 0.000223175
0.015625 0.90625 0.00340022
0.421875 0.90625 0.000169664
0.4375 0.90625 0.000461431
0.453125 0.90625 0.000177832
0.46875 0.90625 0.00116746
-0.671875 0.890625 0.000194278
-0.65625 0.890625 0.000171536
-0.640625 0.890625 0.000161033
-0.046875 0.890625 0.000245723
-0.03125 0.890625 0.00891951
-0.015625 0.890625 0.00867045
0 0.890625 0.00224727
0.015625 0.890625 0.00210768
0.4375 0.890625 0.000113932
0.453125 0.890625 0.000445227
0.46875 0.890625 0.00033128
-0.671875 0.875 0.000203581
-0.65625 0.875 1.97852e-05
0.4375 0.875 0.000348878
0.453125 0.875 0.000206608
0.46875 0.875 0.000287495
-0.703125 0.859375 0.00145794
-0.6875 0.859375 0.000195207
-0.671875 0.859375 0.000203581
-0.65625 0.859375 1.97852e-05
-0.640625 0.859375 0.00043655
0.4375 0.859375 0.00114594
0.453125 0.859375 0.00100364
0.46875 0.859375 0.000618991
-0.734375 0.84375 0.000218194
-0.71875 0.84375 0.000218194
-0.703125 0.84375 1.13891e-05
-0.6875 0.84375 1.13891e-05
-0.671875 0.84375 7.71873e-05
-0.65625 0.84375 8.56156e-05
-0.640625 0.84375 0.000926607
0.4375 0.84375 0.000986351
0.453125 0.84375 0.00105924
0.46875 0.84375 7.28738e-05
-0.75 0.828125 0.000621572
-0.734375 0.828125 0.000234214
-0.71875 0.828125 0.000306746
-0.703125 0.828125 7.22108e-05
-0.6875 0.828125 1.13891e-05
-0.671875 0.828125 6.57947e-05
-0.65625 0.828125 6.57947e-05
0.4375 0.828125 0.000242366
0.453125 0.828125 7.53631e-05
0.46875 0.828125 0.000420444
0.484375 0.828125 0.000234278
-0.78125 0.8125 0.000630739
-0.765625 0.8125 0.000630739
-0.75 0.8125 0.000621573
-0.734375 0.8125 1.59133e-05
-0.71875 0.8125 7.6735e-05
-0.703125 0.8125 6.08215e-05
-0.6875 0.8125 0.000606963
0.4375 0.8125 0.000214904
0.453125 0.8125 0.00016118
0.46875 0.8125 3.7906e-05
-0.8125 0.796875 0.000115061
-0.796875 0.796875 0.000140217
-0.78125 0.796875 2.51529e-05
-0.765625 0.796875 0.000127777
-0.75 0.796875 0.000102552
-0.734375 0.796875 0.000118471
-0.71875 0.796875 0.000946425
-0.6875 0.796875 0.000606963
0.421875 0.796875 0.00364586
0.4375 0.796875 0.0016347
0.453125 0.796875 0.000130079
0.46875 0.796875 0.000155097
0.484375 0.796875 0.00110513
-0.84375 0.78125 0.00184507
-0.828125 0.78125 0.000132177
-0.8125 0.78125 0.000132177
-0.796875 0.78125 0.000338412
-0.78125 0.78125 0.000206094
-0.765625 0.78125 0.000127777
0.4375 0.78125 0.00196285
0.453125 0.78125 9.21728e-05
0.46875 0.78125 0.000117191
0.484375 0.78125 0.000222794
-0.859375 0.765625 0.00184507
-0.84375 0.765625 0.00186224
-0.828125 0.765625 1.71145e-05
-0.8125 0.765625 1.71145e-05
-0.796875 0.765625 0.000180903
-0.78125 0.765625 0.000180903
0.453125 0.765625 0.000539861
0.46875 0.765625 0.000147101
0.484375 0.765625 0.000252705
0.5 0.765625 0.000279637
0.5625 0.765625 0.0017874
0.578125 0.765625 0.000460784
0.59375 0.765625 0.0007453
0.609375 0.765625 0.000579966
-0.859375 0.75 8.53711e-05
-0.84375 0.75 0.00018051
-0.828125 0.75 9.51383e-05
0.453125 0.75 0.000744413
0.46875 0.75 0.000351725
0.484375 0.75 0.000329602
0.5 0.75 0.000206671
0.515625 0.75 0.000466372
0.546875 0.75 0.000219616
0.5625 0.75 0.000221524
0.578125 0.75 0.000665419
0.59375 0.75 0.000146088
0.609375 0.75 0.000638207
0.625 0.75 0.000492091
-0.859375 0.734375 8.53711e-05
-0.84375 0.734375 0.000163393
-0.828125 0.734375 7.80219e-05
0.453125 0.734375 0.0189778
0.46875 0.734375 0.000778747
0.484375 0.734375 0.000529813
0.5 0.734375 0.000311591
0.515625 0.734375 0.000234691
0.53125 0.734375 0.000113538
0.546875 0.734375 0.000163848
0.5625 0.734375 0.000222378
0.578125 0.734375 5.85285e-05
0.59375 0.734375 0.000370594
0.609375 0.734375 0.000286642
0.625 0.734375 0.000286642
0.640625 0.734375 0.00517892
-0.890625 0.71875 0.000301433
-0.875 0.71875 8.22104e-05
-0.859375 0.71875 0.00016759
-0.84375 0.71875 0.000372237
-0.828125 0.71875 0.000372236
0.46875 0.71875 0.0068379
0.484375 0.71875 0.00259551
0.5 0.71875 4.80046e-05
0.515625 0.71875 0.000243445
0.53125 0.71875 0.000111063
0.546875 0.71875 0.000161377
0.5625 0.71875 0.000354967
0.578125 0.71875 0.00034057
0.609375 0.71875 0.000139514
0.625 0.71875 0.00053646
0.640625 0.71875 0.000183317
-0.90625 0.703125 0.000219223
-0.890625 0.703125 0.000301434
-0.875 0.703125 8.22104e-05
-0.859375 0.703125 8.22102e-05
0.5 0.703125 0.00702103
0.515625 0.703125 8.43606e-05
0.53125 0.703125 0.000818847
0.546875 0.703125 0.00092373
0.625 0.703125 0.000118429
0.640625 0.703125 0.000474826
0.65625 0.703125 0.003643
-0.90625 0.6875 0.000107249
-0.890625 0.6875 0.000276327
-0.875 0.6875 0.000168955
0.515625 0.6875 0.0186621
0.625 0.6875 0.000265355
0.640625 0.6875 0.000291496
0.65625 0.6875 0.000627567
-0.90625 0.671875 0.00010725
-0.890625 0.671875 0.000194114
-0.875 0.671875 8.67238e-05
0.625 0.671875 0.000453117
0.640625 0.671875 0.000110732
0.65625 0.671875 0.000447122
-0.90625 0.65625 0.00386371
-0.890625 0.65625 0.000187823
-0.875 0.65625 0.000187823
0.625 0.65625 0.000254113
0.640625 0.65625 0.000304078
0.65625 0.65625 0.000855417
-0.90625 0.640625 0.00375618
-0.890625 0.640625 0.000101012
-0.875 0.640625 0.000101012
-0.859375 0.640625 0.000259705
0.625 0.640625 0.00035095
0.640625 0.640625 0.000205438
0.65625 0.640625 0.000131012
0.671875 0.640625 0.000576889
0.6875 0.640625 0.00665714
-0.890625 0.625 0.000342168
-0.875 0.625 0.000101012
-0.859375 0.625 0.000158601
-0.84375 0.625 0.000158601
0.640625 0.625 0.000381086
0.65625 0.625 0.000131012
0.671875 0.625 0.000168594
0.6875 0.625 0.000192686
-0.890625 0.609375 0.000241155
-0.875 0.609375 0.000295172
-0.859375 0.609375 5.39353e-05
-0.84375 0.609375 0.000212536
0.65625 0.609375 0.000397256
0.671875 0.609375 0.000268274
0.6875 0.609375 0.000187272
-0.890625 0.59375 0.000241156
-0.875 0.59375 0.000295172
-0.859375 0.59375 5.39353e-05
0.65625 0.59375 0.000140548
0.671875 0.59375 0.000220045
-0.90625 0.578125 0.00067703
-0.890625 0.578125 8.43166e-05
-0.875 0.578125 0.00025134
-0.859375 0.578125 0.000166954
0.640625 0.578125 0.00233136
0.65625 0.578125 0.000134065
0.671875 0.578125 0.00021381
0.6875 0.578125 0.00229914
-0.90625 0.5625 8.43166e-05
-0.890625 0.5625 8.43166e-05
-0.875 0.5625 0.000197349
0.640625 0.5625 0.000185028
0.65625 0.5625 0.000380651
0.671875 0.5625 0.000462091
0.6875 0.5625 0.000266358
-0.921875 0.546875 0.00249954
-0.90625 0.546875 5.84049e-05
-0.890625 0.546875 0.000142725
-0.875 0.546875 0.000899534
0.640625 0.546875 0.000409443
0.65625 0.546875 0.000215994
0.671875 0.546875 0.000529437
-0.921875 0.53125 0.00255797
-0.90625 0.53125 5.84049e-05
-0.890625 0.53125 5.84049e-05
0.625 0.53125 0.000128253
0.640625 0.53125 0.000467137
0.65625 0.53125 0.00067369
0.671875 0.53125 0.000281245
-0.921875 0.515625 0.00516691
-0.90625 0.515625 0.000167577
-0.890625 0.515625 0.000167577
0.625 0.515625 0.00308953
0.640625 0.515625 0.000242714
0.65625 0.515625 0.000439722
-0.921875 0.5 0.0026086
-0.90625 0.5 0.000109159
0.59375 0.5 0.00027788
0.609375 0.5 0.000540088
0.625 0.5 0.00038645
0.640625 0.5 0.000124204
0.65625 0.5 0.000321258
-0.921875 0.484375 0.00367399
-0.90625 0.484375 0.000222294
-0.890625 0.484375 0.000647708
-0.875 0.484375 0.000425237
0.59375 0.484375 0.00428351
0.609375 0.484375 0.000202378
0.625 0.484375 0.000156784
0.640625 0.484375 0.000284327
-0.921875 0.46875 0.00106118
-0.90625 0.46875 0.000113133
-0.890625 0.46875 0.000213384
-0.875 0.46875 0.000100177
0.59375 0.46875 0.000886508
0.609375 0.46875 0.000160698
0.625 0.46875 0.000115087
0.640625 0.46875 0.000786274
-0.890625 0.453125 0.000213384
-0.875 0.453125 0.000100177
0.578125 0.453125 0.0195973
0.59375 0.453125 0.000352855
0.609375 0.453125 0.000339855
0.625 0.453125 0.00039506
-0.90625 0.4375 0.000542283
-0.890625 0.4375 0.000654597
-0.875 0.4375 0.000112252
-0.765625 0.4375 0.000640741
-0.75 0.4375 0.000376781
-0.734375 0.4375 0.000362254
-0.71875 0.4375 0.000297969
-0.703125 0.4375 0.000297969
-0.6875 0.4375 0.00016932
-0.671875 0.4375 0.00016932
-0.65625 0.4375 0.000196034
0.203125 0.4375 1.04796e-05
0.578125 0.4375 0.00402791
0.59375 0.4375 0.00162166
0.609375 0.4375 0.000356268
0.625 0.4375 0.000421133
0.640625 0.4375 0.000181168
0.65625 0.4375 0.00100792
-0.90625 0.421875 0.000542283
-0.890625 0.421875 0.000654597
-0.875 0.421875 0.000112252
-0.78125 0.421875 3.51092e-05
-0.765625 0.421875 4.96352e-05
-0.75 0.421875 1.45252e-05
-0.734375 0.421875 1.45252e-05
-0.71875 0.421875 5.00111e-05
-0.703125 0.421875 5.00111e-05
-0.6875 0.421875 0.00018763
-0.671875 0.421875 0.00018763
-0.65625 0.421875 0.000270687
-0.640625 0.421875 0.000270687
0.171875 0.421875 2.16098e-07
0.1875 0.421875 2.16098e-07
0.234375 0.421875 5.33221e-07
0.59375 0.421875 0.00685036
0.609375 0.421875 0.000233151
0.625 0.421875 0.00026979
0.640625 0.421875 0.000133176
0.65625 0.421875 0.000645741
0.671875 0.421875 0.00080511
0.6875 0.421875 0.000292519
-0.890625 0.40625 8.74142e-05
-0.875 0.40625 0.000199726
-0.859375 0.40625 0.000419955
-0.796875 0.40625 0.000295502
-0.78125 0.40625 5.32087e-05
-0.765625 0.40625 6.77341e-05
-0.75 0.40625 1.45252e-05
-0.734375 0.40625 6.45425e-05
-0.71875 0.40625 5.00111e-05
-0.703125 0.40625 6.83297e-05
-0.6875 0.40625 1.8302e-05
-0.671875 0.40625 9.29598e-05
-0.65625 0.40625 7.46528e-05
-0.640625 0.40625 0.000193917
0.171875 0.40625 2.16098e-07
0.1875 0.40625 1.48887e-05
0.203125 0.40625 0.000155827
0.21875 0.40625 6.95976e-05
0.234375 0.40625 5.35689e-05
0.265625 0.40625 7.31438e-06
0.59375 0.40625 0.0114687
0.609375 0.40625 0.000276445
0.625 0.40625 0.000128601
0.640625 0.40625 0.000282436
0.65625 0.40625 0.000348231
0.671875 0.40625 0.000486985
0.6875 0.40625 0.000523386
-0.890625 0.390625 8.74142e-05
-0.875 0.390625 8.74143e-05
-0.859375 0.390625 0.000145431
-0.84375 0.390625 5.80142e-05
-0.8125 0.390625 4.30537e-05
-0.796875 0.390625 6.1152e-05
-0.78125 0.390625 1.80963e-05
-0.765625 0.390625 7.52543e-05
-0.75 0.390625 5.71578e-05
-0.734375 0.390625 7.80741e-05
-0.71875 0.390625 2.09162e-05
-0.703125 0.390625 0.000119603
-0.6875 0.390625 4.86654e-05
-0.671875 0.390625 0.000133147
-0.65625 0.390625 8.44785e-05
-0.640625 0.390625 0.000209883
-0.625 0.390625 0.000125402
-0.609375 0.390625 0.000347924
-0.59375 0.390625 0.000222521
-0.578125 0.390625 0.0218836
0.140625 0.390625 7.31438e-06
0.171875 0.390625 8.19367e-05
0.1875 0.390625 0.00026316
0.203125 0.390625 0.000784961
0.21875 0.390625 0.000887169
0.234375 0.390625 0.000362293
0.25 0.390625 3.9124e-05
0.59375 0.390625 0.00913354
0.609375 0.390625 0.00379731
0.625 0.390625 0.0011698
0.640625 0.390625 0.000409452
0.65625 0.390625 0.000150587
0.671875 0.390625 0.000141585
0.6875 0.390625 0.000478307
0.703125 0.390625 0.00369673
-0.875 0.375 0.000940739
-0.859375 0.375 0.000353739
-0.84375 0.375 0.000266319
-0.828125 0.375 0.000416813
-0.8125 0.375 0.000150447
-0.796875 0.375 0.00024271
-0.78125 0.375 9.21858e-05
-0.71875 0.375 2.09161e-05
-0.703125 0.375 5.12727e-05
-0.6875 0.375 3.03558e-05
-0.671875 0.375 4.01793e-05
-0.65625 0.375 9.82338e-06
-0.640625 0.375 1.59614e-05
-0.625 0.375 6.13794e-06
-0.609375 0.375 8.08485e-05
-0.59375 0.375 7.47094e-05
-0.578125 0.375 0.00012609
-0.5625 0.375 5.13791e-05
0.15625 0.375 7.44296e-06
0.171875 0.375 6.15051e-05
0.1875 0.375 0.000564574
0.203125 0.375 0.00173269
0.21875 0.375 0.00156267
0.234375 0.375 0.00171783
0.25 0.375 0.000196855
0.265625 0.375 1.03691e-06
0.671875 0.375 0.000150491
0.6875 0.375 0.000239769
-0.859375 0.359375 0.000208283
-0.84375 0.359375 0.000208283
-0.828125 0.359375 0.000315658
-0.8125 0.359375 0.000107368
-0.796875 0.359375 0.000181551
-0.78125 0.359375 7.40886e-05
-0.671875 0.359375 0.000118307
-0.65625 0.359375 2.4722e-05
-0.640625 0.359375 5.27495e-05
-0.625 0.359375 2.80275e-05
-0.609375 0.359375 0.000117278
-0.59375 0.359375 8.92467e-05
-0.578125 0.359375 0.000140628
-0.5625 0.359375 5.13792e-05
-0.546875 0.359375 0.00270306
0.140625 0.359375 1.25005e-07
0.15625 0.359375 6.01324e-06
0.171875 0.359375 0.000126595
0.1875 0.359375 0.00126866
0.203125 0.359375 0.00216201
0.21875 0.359375 0.00164244
0.234375 0.359375 0.00107434
0.25 0.359375 6.07943e-05
0.65625 0.359375 0.000146366
0.671875 0.359375 0.000239777
0.6875 0.359375 0.000108905
0.703125 0.359375 0.0023764
-0.84375 0.34375 0.00107771
-0.828125 0.34375 0.000798808
-0.8125 0.34375 0.000590512
-0.796875 0.34375 0.000181551
-0.78125 0.34375 7.40886e-05
-0.671875 0.34375 7.81273e-05
-0.65625 0.34375 1.48985e-05
-0.640625 0.34375 3.6788e-05
-0.625 0.34375 2.18895e-05
-0.609375 0.34375 3.6427e-05
-0.59375 0.34375 1.45368e-05
-0.578125 0.34375 5.93801e-05
-0.5625 0.34375 4.48433e-05
-0.546875 0.34375 0.00137205
0.15625 0.34375 2.18758e-07
0.171875 0.34375 3.07679e-05
0.1875 0.34375 0.000287473
0.203125 0.34375 0.00138551
0.21875 0.34375 0.00153949
0.234375 0.34375 0.000485173
0.25 0.34375 4.83988e-05
0.28125 0.34375 5.03919e-06
0.65625 0.34375 0.000379449
0.671875 0.34375 0.000196856
0.6875 0.34375 0.000581792
-0.65625 0.328125 7.80161e-05
-0.640625 0.328125 0.000127952
-0.625 0.328125 4.99359e-05
-0.609375 0.328125 8.78935e-05
-0.59375 0.328125 3.79574e-05
-0.578125 0.328125 0.000122871
-0.5625 0.328125 8.49124e-05
-0.546875 0.328125 0.00132629
0.171875 0.328125 1.02033e-05
0.1875 0.328125 7.57447e-05
0.203125 0.328125 6.58013e-05
0.21875 0.328125 0.000146837
0.234375 0.328125 2.88433e-05
0.25 0.328125 2.10916e-06
0.65625 0.328125 0.000221347
0.671875 0.328125 0.000193389
0.6875 0.328125 0.000501891
-0.640625 0.3125 9.11615e-05
-0.625 0.3125 2.80447e-05
-0.609375 0.3125 5.14664e-05
-0.59375 0.3125 2.34197e-05
-0.578125 0.3125 6.34913e-05
-0.5625 0.3125 4.00687e-05
0.15625 0.3125 5.03919e-06
0.1875 0.3125 1.99292e-06
0.203125 0.3125 2.09862e-06
0.21875 0.3125 8.39559e-06
0.65625 0.3125 9.31535e-05
0.671875 0.3125 8.58058e-05
0.6875 0.3125 7.33853e-05
0.703125 0.3125 0.00470858
-0.625 0.296875 8.1317e-05
-0.609375 0.296875 0.000152424
-0.59375 0.296875 7.11039e-05
-0.578125 0.296875 6.22161e-05
-0.5625 0.296875 6.22161e-05
0.234375 0.296875 3.51719e-06
0.640625 0.296875 0.00169789
0.65625 0.296875 0.000163306
0.671875 0.296875 0.000123731
0.6875 0.296875 4.43968e-05
-0.625 0.28125 5.32713e-05
-0.609375 0.28125 4.76817e-05
-0.59375 0.28125 4.76817e-05
-0.578125 0.28125 2.21456e-05
-0.5625 0.28125 2.21456e-05
0.640625 0.28125 0.000510615
0.65625 0.28125 0.000255318
0.671875 0.28125 0.000148545
0.6875 0.28125 0.00163218
-0.625 0.265625 0.000369635
-0.609375 0.265625 8.25556e-05
-0.59375 0.265625 8.25556e-05
-0.578125 0.265625 5.50649e-05
-0.5625 0.265625 5.50648e-05
0.609375 0.265625 0.00125945
0.625 0.265625 0.000375621
0.640625 0.265625 0.000228122
0.65625 0.265625 0.000472234
0.671875 0.265625 0.000338502
-0.609375 0.25 3.48737e-05
-0.59375 0.25 3.48738e-05
-0.578125 0.25 3.29125e-05
-0.5625 0.25 3.29125e-05
-0.546875 0.25 0.000250791
-0.53125 0.25 0.000932725
-0.515625 0.25 0.000681914
0.578125 0.25 0.00334873
0.59375 0.25 0.000660767
0.609375 0.25 0.000229075
0.625 0.25 0.000213252
0.640625 0.25 0.000220718
0.65625 0.25 0.000402199
-0.625 0.234375 0.000751515
-0.609375 0.234375 6.10848e-05
-0.59375 0.234375 6.10848e-05
-0.578125 0.234375 9.30142e-05
-0.5625 0.234375 0.000355535
-0.546875 0.234375 0.000262164
-0.53125 0.234375 0.000971643
-0.515625 0.234375 0.00070946
-0.5 0.234375 0.00403926
0.5625 0.234375 0.0179075
0.578125 0.234375 0.000652244
0.59375 0.234375 0.000169833
0.609375 0.234375 0.000157533
0.625 0.234375 0.000135264
0.640625 0.234375 0.000106608
-0.609375 0.21875 2.6211e-05
-0.59375 0.21875 2.6211e-05
-0.578125 0.21875 6.01018e-05
-0.5625 0.21875 7.1451e-05
-0.546875 0.21875 1.13438e-05
-0.53125 0.21875 3.88044e-05
-0.515625 0.21875 2.74604e-05
-0.5 0.21875 0.00120177
0.5625 0.21875 0.00571678
0.578125 0.21875 0.00081088
0.59375 0.21875 0.000292484
0.609375 0.21875 0.000115834
0.625 0.21875 0.000256292
-0.609375 0.203125 9.52841e-05
-0.59375 0.203125 9.52842e-05
-0.578125 0.203125 8.70715e-05
-0.5625 0.203125 0.000173159
-0.546875 0.203125 8.60759e-05
-0.53125 0.203125 0.000163005
-0.515625 0.203125 7.69284e-05
-0.5 0.203125 0.00418476
0.5625 0.203125 0.00310289
0.578125 0.203125 0.000326604
0.59375 0.203125 0.000225407
0.609375 0.203125 0.000200138
0.625 0.203125 0.000460369
-0.59375 0.1875 6.90719e-05
-0.578125 0.1875 2.69686e-05
-0.5625 0.1875 0.000101707
-0.546875 0.1875 7.47306e-05
-0.53125 0.1875 0.000124195
-0.515625 0.1875 4.9464e-05
-0.5 0.1875 0.00297955
-0.484375 0.1875 0.00292946
0.5625 0.1875 0.0122839
0.578125 0.1875 0.000456238
0.59375 0.1875 0.000216117
0.609375 0.1875 0.000195073
0.625 0.1875 0.000291788
-0.578125 0.171875 6.45417e-05
-0.5625 0.171875 0.000108876
-0.546875 0.171875 4.43344e-05
-0.53125 0.171875 0.000114449
-0.515625 0.171875 7.01115e-05
-0.5 0.171875 0.00267921
-0.484375 0.171875 0.00260767
0.5625 0.171875 0.0132864
0.578125 0.171875 0.000548032
0.59375 0.171875 0.000273253
0.609375 0.171875 0.000218478
0.625 0.171875 0.000171331
0.640625 0.171875 0.000862877
-0.59375 0.15625 0.00022139
-0.578125 0.15625 6.45417e-05
-0.5625 0.15625 6.45417e-05
-0.546875 0.15625 4.43344e-05
-0.53125 0.15625 0.000334562
-0.515625 0.15625 0.000244106
-0.5 0.15625 0.00366198
0.5625 0.15625 0.00318812
0.578125 0.15625 0.00101823
0.59375 0.15625 0.000546028
0.609375 0.15625 0.000211816
0.625 0.15625 0.000189634
0.640625 0.15625 0.000393136
0.65625 0.15625 0.00150083
-0.609375 0.140625 2.8381e-05
-0.59375 0.140625 2.8381e-05
-0.578125 0.140625 5.19034e-05
-0.5625 0.140625 5.19034e-05
-0.546875 0.140625 4.61099e-05
-0.53125 0.140625 0.000220113
0.609375 0.140625 0.000149292
0.625 0.140625 0.000163912
0.640625 0.140625 0.000228491
0.65625 0.140625 0.000452191
-0.609375 0.125 0.000714863
-0.59375 0.125 2.8381e-05
-0.578125 0.125 7.29346e-05
-0.5625 0.125 7.29346e-05
-0.546875 0.125 0.00023403
0.59375 0.125 0.000112235
0.609375 0.125 0.000107084
0.625 0.125 5.78928e-05
0.640625 0.125 0.000155988
0.65625 0.125 0.00190885
-0.609375 0.109375 0.000831836
-0.59375 0.109375 5.60311e-05
-0.578125 0.109375 2.10303e-05
-0.5625 0.109375 2.10303e-05
-0.546875 0.109375 0.000187917
0.59375 0.109375 0.000127248
0.609375 0.109375 6.19572e-05
0.625 0.109375 8.86095e-05
0.640625 0.109375 0.000678668
-0.609375 0.09375 0.000844705
-0.59375 0.09375 6.88509e-05
-0.578125 0.09375 9.82429e-05
-0.5625 0.09375 2.93919e-05
0.578125 0.09375 0.00100495
0.59375 0.09375 6.04545e-05
0.609375 0.09375 0.000135598
0.625 0.09375 7.35565e-05
0.640625 0.09375 0.00120522
-0.625 0.078125 0.000237623
-0.609375 0.078125 0.000250448
-0.59375 0.078125 1.28197e-05
-0.578125 0.078125 2.11807e-05
-0.5625 0.078125 8.36055e-06
0.578125 0.078125 0.000458139
0.59375 0.078125 0.000105553
0.609375 0.078125 0.0001563
0.625 0.078125 9.40266e-05
0.640625 0.078125 0.00126292
-0.625 0.0625 0.000416598
-0.609375 0.0625 0.000442128
-0.59375 0.0625 2.55158e-05
-0.578125 0.0625 5.14524e-05
-0.5625 0.0625 2.59366e-05
-0.546875 0.0625 0.000289537
-0.53125 0.0625 0.000263598
0.546875 0.0625 0.000534147
0.5625 0.0625 0.000391004
0.578125 0.0625 8.30077e-05
0.59375 0.0625 0.000175339
0.609375 0.0625 0.000176974
0.625 0.0625 0.0012917
-0.625 0.046875 0.000178975
-0.609375 0.046875 0.000191679
-0.59375 0.046875 1.2696e-05
-0.578125 0.046875 3.02718e-05
-0.5625 0.046875 1.75756e-05
-0.546875 0.046875 2.6626e-05
-0.53125 0.046875 9.05034e-06
-0.515625 0.046875 0.000818943
0.5 0.046875 0.00848213
0.515625 0.046875 0.0059897
0.53125 0.046875 0.000587074
0.546875 0.046875 0.000353786
0.5625 0.046875 7.1663e-05
0.578125 0.046875 7.49079e-05
0.59375 0.046875 0.000199339
0.609375 0.046875 0.000634452
-0.609375 0.03125 0.000306914
-0.59375 0.03125 3.08485e-05
-0.578125 0.03125 5.898e-05
-0.5625 0.03125 2.81315e-05
-0.546875 0.03125 0.000139793
-0.53125 0.03125 0.000111637
-0.515625 0.03125 0.0005593
0.5 0.03125 0.00447668
0.515625 0.03125 0.00216386
0.53125 0.03125 0.000232668
0.546875 0.03125 0.000163398
0.5625 0.03125 0.000174854
0.578125 0.03125 0.000138033
0.59375 0.03125 0.000120281
-0.59375 0.015625 1.81525e-05
-0.578125 0.015625 2.87082e-05
-0.5625 0.015625 1.05557e-05
-0.546875 0.015625 0.000113142
-0.53125 0.015625 0.000102575
-0.515625 0.015625 0.000956417
0.5 0.015625 0.00216454
0.515625 0.015625 0.000164388
0.53125 0.015625 0.000183497
0.546875 0.015625 0.000101606
0.5625 0.015625 0.000192528
0.578125 0.015625 0.000257841
-0.59375 0 4.52263e-05
-0.578125 0 7.7086e-05
-0.5625 0 3.18592e-05
-0.546875 0 0.000124019
-0.53125 0 0.000102688
-0.515625 0 0.000499806
0.5 0 0.00244069
0.515625 0 0.000265842
0.53125 0 0.00013353
0.546875 0 0.000114032
0.5625 0 0.000142891
0.578125 0 0.000246013
-0.609375 -0.015625 3.04425e-05
-0.59375 -0.015625 2.70728e-05
-0.578125 -0.015625 4.83767e-05
-0.5625 -0.015625 2.13033e-05
-0.546875 -0.015625 0.000124019
-0.53125 -0.015625 0.000229324
-0.515625 -0.015625 0.00348861
0.5 -0.015625 0.0233852
0.515625 -0.015625 0.000765172
0.53125 -0.015625 8.86201e-05
0.546875 -0.015625 0.000147956
0.5625 -0.015625 0.000150914
0.578125 -0.015625 3.96486e-05
0.59375 -0.015625 0.000269433
-0.625 -0.03125 5.57561e-05
-0.609375 -0.03125 5.57561e-05
-0.59375 -0.03125 6.15096e-05
-0.578125 -0.03125 6.15096e-05
-0.5625 -0.03125 0.000146312
-0.546875 -0.03125 0.000251733
-0.53125 -0.03125 0.000126636
-0.515625 -0.03125 0.00298873
0.5 -0.03125 0.00415209
0.515625 -0.03125 0.000650014
0.53125 -0.03125 0.000367931
0.546875 -0.03125 0.000205387
0.5625 -0.03125 0.000142485
0.578125 -0.03125 0.00010844
0.59375 -0.03125 0.000138387
0.609375 -0.03125 0.000592427
-0.640625 -0.046875 3.17478e-05
-0.625 -0.046875 5.70544e-05
-0.609375 -0.046875 2.53065e-05
-0.59375 -0.046875 5.97393e-05
-0.578125 -0.046875 3.44295e-05
-0.5625 -0.046875 0.000159444
0.515625 -0.046875 0.000544832
0.53125 -0.046875 0.000338159
0.546875 -0.046875 0.000103328
0.5625 -0.046875 0.000154095
0.578125 -0.046875 0.000139405
0.59375 -0.046875 0.000175802
0.609375 -0.046875 5.58899e-05
-0.65625 -0.0625 0.00172396
-0.640625 -0.0625 5.67149e-05
-0.625 -0.0625 0.000113954
-0.609375 -0.0625 5.72368e-05
-0.59375 -0.0625 0.000148828
0.546875 -0.0625 3.95816e-05
0.5625 -0.0625 6.92619e-05
0.578125 -0.0625 9.38243e-05
0.59375 -0.0625 7.21483e-05
0.609375 -0.0625 0.00126137
-0.65625 -0.078125 9.77755e-05
-0.640625 -0.078125 2.49636e-05
-0.625 -0.078125 5.68977e-05
-0.609375 -0.078125 3.19303e-05
-0.59375 -0.078125 8.90859e-05
0.546875 -0.078125 0.000129767
0.5625 -0.078125 0.000113657
0.578125 -0.078125 2.32084e-05
0.59375 -0.078125 0.000107357
-0.65625 -0.09375 9.77755e-05
-0.640625 -0.09375 8.5359e-05
-0.625 -0.09375 0.000139408
-0.609375 -0.09375 5.40437e-05
0.53125 -0.09375 0.000295004
0.546875 -0.09375 6.50989e-05
0.5625 -0.09375 6.94453e-05
0.578125 -0.09375 0.000141818
0.59375 -0.09375 0.000351225
-0.671875 -0.109375 4.54801e-05
-0.65625 -0.109375 0.000105877
-0.640625 -0.109375 6.03943e-05
-0.625 -0.109375 8.25096e-05
-0.609375 -0.109375 2.21124e-05
0.53125 -0.109375 0.000418955
0.546875 -0.109375 7.68893e-05
0.5625 -0.109375 4.9669e-05
0.578125 -0.109375 0.000130914
0.59375 -0.109375 0.000351628
-0.671875 -0.125 4.54801e-05
-0.65625 -0.125 4.54801e-05
-0.640625 -0.125 9.1754e-05
-0.625 -0.125 9.1754e-05
0.515625 -0.125 0.000328424
0.53125 -0.125 6.0829e-05
0.546875 -0.125 9.2559e-05
0.5625 -0.125 0.000134651
0.578125 -0.125 7.36607e-05
0.59375 -0.125 0.000454101
-0.671875 -0.140625 0.000966076
-0.65625 -0.140625 0.000150637
-0.640625 -0.140625 0.000182028
-0.625 -0.140625 3.13587e-05
-0.609375 -0.140625 7.9493e-05
-0.59375 -0.140625 4.81343e-05
-0.578125 -0.140625 0.00256795
0.484375 -0.140625 0.000980244
0.5 -0.140625 0.000188597
0.515625 -0.140625 0.00025878
0.53125 -0.140625 8.95141e-05
0.546875 -0.140625 7.77741e-05
0.5625 -0.140625 0.000115968
0.578125 -0.140625 0.000189234
-0.65625 -0.15625 0.000150637
-0.640625 -0.15625 0.000235844
-0.625 -0.15625 8.5173e-05
-0.609375 -0.15625 0.000199419
-0.59375 -0.15625 0.000114242
-0.578125 -0.15625 0.000223296
0.46875 -0.15625 0.00199382
0.484375 -0.15625 0.0016688
0.5 -0.15625 0.00020494
0.515625 -0.15625 4.09171e-05
0.53125 -0.15625 0.000123258
0.546875 -0.15625 8.10605e-05
0.5625 -0.15625 6.68779e-05
-0.640625 -0.171875 0.000522069
-0.625 -0.171875 5.38086e-05
-0.609375 -0.171875 0.000119921
-0.59375 -0.171875 6.61075e-05
-0.578125 -0.171875 0.000223296
0.46875 -0.171875 0.00225314
0.484375 -0.171875 0.000257117
0.5 -0.171875 9.21257e-05
0.515625 -0.171875 0.000129753
0.53125 -0.171875 3.46545e-05
0.546875 -0.171875 0.000105479
0.5625 -0.171875 0.000132124
0.578125 -0.171875 5.10377e-05
-0.640625 -0.1875 0.000522069
-0.625 -0.1875 0.000104972
-0.609375 -0.1875 0.000307876
-0.59375 -0.1875 0.000202888
-0.578125 -0.1875 0.000749185
0.484375 -0.1875 0.000275438
0.5 -0.1875 0.000110446
0.515625 -0.1875 0.000100254
0.53125 -0.1875 2.3453e-05
0.546875 -0.1875 6.62961e-05
0.5625 -0.1875 8.53792e-05
0.578125 -0.1875 0.000136946
0.59375 -0.1875 0.000282782
-0.640625 -0.203125 6.7432e-05
-0.625 -0.203125 5.11625e-05
-0.609375 -0.203125 5.11625e-05
-0.59375 -0.203125 0.000136781
-0.578125 -0.203125 0.000136781
0.484375 -0.203125 0.000520642
0.5 -0.203125 0.000364684
0.515625 -0.203125 7.18006e-05
0.53125 -0.203125 8.49963e-05
0.546875 -0.203125 5.79383e-05
0.5625 -0.203125 3.22754e-05
0.578125 -0.203125 0.00013453
0.59375 -0.203125 0.000161673
-0.65625 -0.21875 0.000373608
-0.640625 -0.21875 6.74321e-05
-0.625 -0.21875 0.000272806
-0.609375 -0.21875 0.000130732
-0.59375 -0.21875 0.000328057
-0.578125 -0.21875 0.000111718
0.484375 -0.21875 0.020784
0.5 -0.21875 0.000308412
0.515625 -0.21875 0.000187653
0.53125 -0.21875 2.57234e-05
0.546875 -0.21875 5.79222e-05
0.5625 -0.21875 7.507e-05
0.578125 -0.21875 1.63462e-05
0.59375 -0.21875 0.00010758
0.609375 -0.21875 0.000225199
-0.671875 -0.234375 0.000339349
-0.65625 -0.234375 0.000413984
-0.640625 -0.234375 7.46256e-05
-0.625 -0.234375 0.000154202
-0.609375 -0.234375 7.9558e-05
-0.59375 -0.234375 0.000191276
0.5 -0.234375 0.00227795
0.515625 -0.234375 4.2975e-05
0.53125 -0.234375 0.000100451
0.546875 -0.234375 3.17446e-05
0.5625 -0.234375 3.97083e-05
0.578125 -0.234375 6.33666e-05
0.59375 -0.234375 5.23018e-05
-0.6875 -0.25 0.00010481
-0.671875 -0.25 3.31845e-05
-0.65625 -0.25 0.000107811
-0.640625 -0.25 7.46256e-05
-0.625 -0.25 0.00116586
0.546875 -0.25 4.6151e-05
0.5625 -0.25 5.41149e-05
0.578125 -0.25 7.91845e-05
0.59375 -0.25 7.63599e-05
0.609375 -0.25 0.000210325
-0.703125 -0.265625 7.16226e-05
-0.6875 -0.265625 0.000404723
-0.671875 -0.265625 6.90718e-05
-0.65625 -0.265625 0.000132225
0.546875 -0.265625 0.000328575
0.5625 -0.265625 9.26942e-05
0.578125 -0.265625 4.58103e-06
0.59375 -0.265625 9.93299e-05
0.609375 -0.265625 7.42605e-05
-0.703125 -0.28125 0.000263968
-0.6875 -0.28125 0.000263968
-0.671875 -0.28125 3.58869e-05
-0.65625 -0.28125 3.58869e-05
0.546875 -0.28125 0.000201305
0.5625 -0.28125 0.000102141
0.578125 -0.28125 9.77313e-05
0.59375 -0.28125 1.83888e-05
0.609375 -0.28125 4.9189e-05
-0.71875 -0.296875 0.00102699
-0.703125 -0.296875 0.000263968
-0.6875 -0.296875 0.000386525
-0.671875 -0.296875 0.000230144
0.546875 -0.296875 0.000264592
0.5625 -0.296875 6.32829e-05
0.578125 -0.296875 7.47581e-05
0.59375 -0.296875 5.61151e-05
0.609375 -0.296875 6.80857e-05
0.625 -0.296875 7.77872e-05
-0.703125 -0.3125 0.000356982
-0.6875 -0.3125 0.000122555
-0.671875 -0.3125 0.000194257
0.53125 -0.3125 0.000571596
0.546875 -0.3125 0.000229673
0.5625 -0.3125 5.56192e-05
0.578125 -0.3125 6.7095e-05
0.59375 -0.3125 9.51677e-05
0.609375 -0.3125 1.88961e-05
0.625 -0.3125 0.000124321
0.640625 -0.3125 7.46242e-05
-0.703125 -0.328125 0.000356982
-0.6875 -0.328125 0.000122555
-0.671875 -0.328125 0.000304104
0.53125 -0.328125 0.000645256
0.546875 -0.328125 0.000121198
0.5625 -0.328125 0.000176821
0.578125 -0.328125 3.85466e-05
0.59375 -0.328125 9.17428e-06
0.609375 -0.328125 7.47281e-05
0.625 -0.328125 4.66575e-05
0.640625 -0.328125 6.59134e-05
0.65625 -0.328125 0.00014877
0.765625 -0.328125 0.000214902
0.78125 -0.328125 0.000395984
0.796875 -0.328125 0.000189109
0.8125 -0.328125 0.000316304
0.828125 -0.328125 0.000167703
-0.71875 -0.34375 0.000680999
-0.703125 -0.34375 0.00083142
-0.6875 -0.34375 2.77536e-05
-0.671875 -0.34375 0.000109742
0.53125 -0.34375 0.000277083
0.546875 -0.34375 0.000526409
0.5625 -0.34375 5.85578e-05
0.578125 -0.34375 9.90333e-05
0.59375 -0.34375 4.04747e-05
0.609375 -0.34375 2.81947e-05
0.625 -0.34375 6.00657e-05
0.640625 -0.34375 7.93218e-05
0.65625 -0.34375 7.1757e-05
0.75 -0.34375 0.000137374
0.765625 -0.34375 0.000197022
0.78125 -0.34375 0.000200464
0.796875 -0.34375 4.05657e-05
0.8125 -0.34375 0.00038338
0.828125 -0.34375 0.000194205
0.84375 -0.34375 0.000704571
-0.703125 -0.359375 0.000446422
-0.6875 -0.359375 2.77536e-05
0.546875 -0.359375 0.000190767
0.5625 -0.359375 0.000540554
0.578125 -0.359375 0.000291227
0.59375 -0.359375 6.94944e-05
0.609375 -0.359375 5.72157e-05
0.625 -0.359375 0.000101606
0.640625 -0.359375 1.34082e-05
0.65625 -0.359375 6.91753e-05
0.671875 -0.359375 5.57669e-05
0.6875 -0.359375 6.96036e-05
0.703125 -0.359375 7.43481e-05
0.765625 -0.359375 0.000211938
0.78125 -0.359375 0.000216459
0.796875 -0.359375 0.000120235
0.8125 -0.359375 2.65019e-05
0.828125 -0.359375 0.000133482
0.84375 -0.359375 0.000643848
0.859375 -0.359375 0.00138438
-0.71875 -0.375 0.000594468
-0.703125 -0.375 0.000594469
-0.6875 -0.375 0.000188312
-0.671875 -0.375 1.25431e-05
-0.65625 -0.375 9.87531e-05
-0.640625 -0.375 8.62059e-05
-0.625 -0.375 0.000597131
-0.609375 -0.375 0.000510913
0.5625 -0.375 0.000450697
0.578125 -0.375 0.000776919
0.59375 -0.375 0.000555193
0.609375 -0.375 6.91758e-05
0.625 -0.375 4.43905e-05
0.640625 -0.375 7.54096e-05
0.65625 -0.375 3.10188e-05
0.671875 -0.375 3.30879e-05
0.6875 -0.375 4.69232e-05
0.703125 -0.375 0.000104423
0.71875 -0.375 3.82257e-05
0.734375 -0.375 6.88235e-05
0.75 -0.375 7.30048e-05
0.765625 -0.375 0.000257757
0.78125 -0.375 5.31581e-05
0.796875 -0.375 0.000347692
0.828125 -0.375 0.000366342
0.84375 -0.375 0.00010698
0.859375 -0.375 0.000191613
0.875 -0.375 0.000740511
-0.703125 -0.390625 0.000147996
-0.6875 -0.390625 0.000160542
-0.671875 -0.390625 1.25432e-05
-0.65625 -0.390625 9.87532e-05
-0.640625 -0.390625 0.000115289
-0.625 -0.390625 0.000115289
-0.609375 -0.390625 7.71876e-05
0.625 -0.390625 0.00030334
0.640625 -0.390625 3.97143e-05
0.65625 -0.390625 3.53403e-05
0.671875 -0.390625 3.74094e-05
0.6875 -0.390625 3.00739e-05
0.703125 -0.390625 3.00739e-05
0.71875 -0.390625 6.94856e-05
0.734375 -0.390625 4.25816e-05
0.75 -0.390625 5.19386e-05
0.765625 -0.390625 2.13442e-05
0.78125 -0.390625 0.00049979
0.84375 -0.390625 0.000423125
0.859375 -0.390625 0.000167911
0.875 -0.390625 0.000563662
-0.703125 -0.40625 0.000241815
-0.6875 -0.40625 0.00025436
-0.671875 -0.40625 7.72036e-05
-0.65625 -0.40625 6.46582e-05
-0.640625 -0.40625 2.90827e-05
-0.625 -0.40625 2.90827e-05
-0.609375 -0.40625 0.000106272
0.625 -0.40625 0.000379238
0.640625 -0.40625 0.000115619
0.65625 -0.40625 0.000119942
0.671875 -0.40625 4.32141e-06
0.6875 -0.40625 0.000116336
0.703125 -0.40625 0.000112013
0.71875 -0.40625 3.12593e-05
0.734375 -0.40625 1.19861e-05
0.75 -0.40625 0.00028342
0.765625 -0.40625 0.000240833
0.859375 -0.40625 8.32825e-05
0.875 -0.40625 0.000256629
0.890625 -0.40625 0.000652379
-0.671875 -0.421875 0.000158439
-0.65625 -0.421875 6.46581e-05
-0.640625 -0.421875 0.000125605
-0.625 -0.421875 6.09463e-05
-0.609375 -0.421875 0.000611234
-0.59375 -0.421875 0.000550261
0.640625 -0.421875 0.000371524
0.65625 -0.421875 0.000375848
0.671875 -0.421875 0.000747414
0.6875 -0.421875 0.000571191
0.703125 -0.421875 0.000194779
0.71875 -0.421875 0.000114029
0.734375 -0.421875 0.00033352
0.75 -0.421875 0.000219487
0.859375 -0.421875 0.000518536
0.875 -0.421875 0.000213972
0.890625 -0.421875 0.00252518
-0.640625 -0.4375 0.000138496
-0.625 -0.4375 3.18635e-05
-0.609375 -0.4375 0.000582139
-0.59375 -0.4375 0.000550261
0.859375 -0.4375 0.000261905
0.875 -0.4375 0.000213972
-0.65625 -0.453125 0.000106632
-0.640625 -0.453125 0.000106632
-0.625 -0.453125 7.5927e-05
-0.609375 -0.453125 7.59269e-05
0.859375 -0.453125 0.000333391
0.875 -0.453125 8.88942e-05
0.890625 -0.453125 8.88941e-05
0.90625 -0.453125 4.82691e-05
-0.65625 -0.46875 0.000119192
-0.640625 -0.46875 1.25561e-05
-0.625 -0.46875 5.6619e-05
-0.609375 -0.46875 4.40622e-05
0.859375 -0.46875 0.000292764
0.875 -0.46875 0.000393755
0.890625 -0.46875 0.000100978
0.90625 -0.46875 0.000527925
-0.671875 -0.484375 8.7226e-05
-0.65625 -0.484375 9.97835e-05
-0.640625 -0.484375 1.25561e-05
-0.625 -0.484375 5.6619e-05
-0.609375 -0.484375 0.00155031
0.890625 -0.484375 5.27042e-05
0.90625 -0.484375 0.000654464
-0.671875 -0.5 8.72261e-05
-0.65625 -0.5 0.000254741
-0.640625 -0.5 0.000137212
0.875 -0.5 9.54962e-05
0.890625 -0.5 0.000452269
0.90625 -0.5 0.000174814
-0.6875 -0.515625 0.000652557
-0.671875 -0.515625 3.02996e-05
-0.65625 -0.515625 3.02996e-05
-0.640625 -0.515625 0.000124656
0.875 -0.515625 4.27911e-05
0.890625 -0.515625 0.000224736
0.90625 -0.515625 0.000356768
-0.6875 -0.53125 3.07371e-05
-0.671875 -0.53125 3.02997e-05
-0.65625 -0.53125 3.02996e-05
0.859375 -0.53125 0.000160243
0.875 -0.53125 0.000368782
0.890625 -0.53125 0.00034767
0.90625 -0.53125 0.00139239
-0.703125 -0.546875 3.07371e-05
-0.6875 -0.546875 7.46041e-05
-0.671875 -0.546875 0.000143291
-0.65625 -0.546875 3.83828e-05
0.859375 -0.546875 0.000247764
0.875 -0.546875 0.000325989
0.890625 -0.546875 0.000165728
-0.703125 -0.5625 0.000179549
-0.6875 -0.5625 4.38664e-05
-0.671875 -0.5625 8.22507e-05
-0.65625 -0.5625 3.83828e-05
0.84375 -0.5625 8.75181e-05
0.859375 -0.5625 0.000153004
0.875 -0.5625 0.000231202
0.890625 -0.5625 0.00329172
-0.6875 -0.578125 4.38664e-05
-0.671875 -0.578125 7.95573e-05
0.84375 -0.578125 0.000193905
0.859375 -0.578125 0.000153004
0.875 -0.578125 6.54725e-05
-0.703125 -0.59375 0.000168139
-0.6875 -0.59375 3.56885e-05
-0.671875 -0.59375 3.56885e-05
0.828125 -0.59375 0.000106386
0.84375 -0.59375 0.000148651
0.859375 -0.59375 0.000107718
0.875 -0.59375 0.000107718
-0.703125 -0.609375 3.24574e-05
-0.6875 -0.609375 6.81467e-05
-0.671875 -0.609375 3.56885e-05
-0.65625 -0.609375 0.000261569
0.828125 -0.609375 0.000834072
0.84375 -0.609375 0.000441871
0.859375 -0.609375 4.22453e-05
0.875 -0.609375 9.99559e-05
-0.703125 -0.625 0.00138713
-0.6875 -0.625 0.00144401
-0.671875 -0.625 2.0564e-05
-0.65625 -0.625 2.0564e-05
-0.640625 -0.625 6.4308e-05
0.84375 -0.625 0.000293216
0.859375 -0.625 0.00036983
0.875 -0.625 9.20539e-05
0.890625 -0.625 5.7708e-05
-0.671875 -0.640625 0.00137519
-0.65625 -0.640625 2.0564e-05
-0.640625 -0.640625 0.000401274
0.859375 -0.640625 0.000327582
0.875 -0.640625 3.43457e-05
0.890625 -0.640625 0.00214372
-0.671875 -0.65625 0.0016472
-0.65625 -0.65625 8.46555e-05
-0.640625 -0.65625 6.40036e-05
0.859375 -0.65625 6.01503e-05
0.875 -0.65625 3.43457e-05
0.890625 -0.65625 0.000989768
-0.671875 -0.671875 0.000207595
-0.65625 -0.671875 6.40037e-05
-0.640625 -0.671875 6.40036e-05
-0.53125 -0.671875 0.00473906
0.859375 -0.671875 2.58047e-05
0.875 -0.671875 0.00159442
0.890625 -0.671875 0.00153409
-0.671875 -0.6875 0.000692123
-0.65625 -0.6875 0.000820698
-0.640625 -0.6875 0.000128526
-0.5625 -0.6875 7.53579e-05
-0.546875 -0.6875 3.75857e-05
-0.53125 -0.6875 2.27983e-05
-0.515625 -0.6875 2.27983e-05
0.84375 -0.6875 0.000126846
0.859375 -0.6875 2.58047e-05
0.875 -0.6875 0.00060455
0.890625 -0.6875 0.000578635
-0.65625 -0.703125 0.000549066
-0.640625 -0.703125 6.45163e-05
-0.625 -0.703125 6.45162e-05
-0.59375 -0.703125 0.000539171
-0.578125 -0.703125 4.10205e-05
-0.5625 -0.703125 1.47874e-05
-0.546875 -0.703125 1.47874e-05
-0.53125 -0.703125 2.27983e-05
-0.515625 -0.703125 4.3404e-05
-0.5 -0.703125 6.46743e-05
-0.484375 -0.703125 2.127e-05
0.8125 -0.703125 0.000172411
0.828125 -0.703125 0.000225963
0.84375 -0.703125 0.00010104
0.859375 -0.703125 0.00243192
0.875 -0.703125 0.00290885
-0.65625 -0.71875 0.000484502
-0.640625 -0.71875 0.00203714
-0.625 -0.71875 0.000246937
-0.609375 -0.71875 0.000208674
-0.59375 -0.71875 2.62316e-05
-0.578125 -0.71875 2.62316e-05
-0.5625 -0.71875 7.31414e-05
-0.546875 -0.71875 4.69034e-05
-0.53125 -0.71875 6.75087e-05
-0.515625 -0.71875 2.06054e-05
-0.5 -0.71875 4.18761e-05
-0.484375 -0.71875 2.127e-05
-0.46875 -0.71875 0.000209081
0.8125 -0.71875 8.18429e-05
0.828125 -0.71875 0.000135383
0.84375 -0.71875 0.000135383
-0.640625 -0.734375 0.00197259
-0.625 -0.734375 0.000182387
-0.609375 -0.734375 0.000182387
-0.59375 -0.734375 3.77813e-05
-0.578125 -0.734375 3.77813e-05
-0.5625 -0.734375 4.36631e-05
-0.53125 -0.734375 3.21145e-05
-0.515625 -0.734375 2.06054e-05
-0.5 -0.734375 3.13506e-05
-0.484375 -0.734375 0.000198558
-0.46875 -0.734375 0.00018781
0.8125 -0.734375 8.1843e-05
0.828125 -0.734375 3.43433e-05
0.84375 -0.734375 0.000904152
-0.625 -0.75 0.0007927
-0.609375 -0.75 0.0007927
-0.59375 -0.75 0.0006219
-0.578125 -0.75 1.15479e-05
-0.515625 -0.75 0.000115971
-0.5 -0.75 1.0745e-05
-0.484375 -0.75 0.000198558
-0.46875 -0.75 0.00018781
0.765625 -0.75 0.00121005
0.78125 -0.75 0.000124449
0.796875 -0.75 0.000190381
0.8125 -0.75 0.000100273
0.828125 -0.75 0.000970276
0.84375 -0.75 0.000869688
-0.5 -0.765625 1.0745e-05
-0.484375 -0.765625 4.33408e-05
-0.46875 -0.765625 9.79013e-05
-0.453125 -0.765625 6.53051e-05
0.75 -0.765625 0.000489082
0.765625 -0.765625 5.03459e-05
0.78125 -0.765625 0.00022291
0.796875 -0.765625 0.000114041
0.8125 -0.765625 6.59297e-05
0.828125 -0.765625 0.00365365
-0.5 -0.78125 0.000143337
-0.484375 -0.78125 3.25931e-05
-0.46875 -0.78125 9.79014e-05
-0.453125 -0.78125 6.53051e-05
-0.4375 -0.78125 0.000197251
0.671875 -0.78125 8.02337e-05
0.703125 -0.78125 0.000320057
0.71875 -0.78125 6.60434e-05
0.734375 -0.78125 0.000116922
0.75 -0.78125 0.00010122
0.765625 -0.78125 5.03459e-05
0.78125 -0.78125 9.84604e-05
0.796875 -0.78125 4.81101e-05
-0.484375 -0.796875 3.25931e-05
-0.46875 -0.796875 7.73563e-05
-0.453125 -0.796875 0.000176702
0.671875 -0.796875 8.02338e-05
0.6875 -0.796875 0.000134639
0.703125 -0.796875 0.000120423
0.71875 -0.796875 0.000120423
0.734375 -0.796875 0.000116922
0.75 -0.796875 5.08717e-05
0.765625 -0.796875 0.00399393
-0.5 -0.8125 0.000167447
-0.484375 -0.8125 0.000101472
-0.46875 -0.8125 4.47563e-05
-0.453125 -0.8125 0.000176702
0.640625 -0.8125 0.000359597
0.65625 -0.8125 3.43692e-05
0.671875 -0.8125 0.000162978
0.6875 -0.8125 0.000102717
0.703125 -0.8125 5.43787e-05
0.71875 -0.8125 0.000126929
0.734375 -0.8125 0.000123417
-0.484375 -0.828125 0.000101472
-0.46875 -0.828125 4.47563e-05
-0.453125 -0.828125 9.13449e-05
0.625 -0.828125 0.00111359
0.640625 -0.828125 0.000135444
0.65625 -0.828125 3.43692e-05
0.671875 -0.828125 8.27253e-05
0.6875 -0.828125 0.000102717
0.703125 -0.828125 0.000506927
0.71875 -0.828125 7.25435e-05
-0.484375 -0.84375 0.000131285
-0.46875 -0.84375 0.000121342
-0.453125 -0.84375 4.65844e-05
0.625 -0.84375 0.000101074
0.640625 -0.84375 0.000101074
0.65625 -0.84375 0.000175303
0.671875 -0.84375 7.41926e-05
0.6875 -0.84375 4.83371e-05
-0.484375 -0.859375 7.44587e-05
-0.46875 -0.859375 0.000121342
-0.453125 -0.859375 4.65844e-05
0.640625 -0.859375 0.000264449
0.65625 -0.859375 2.5855e-05
-0.484375 -0.875 7.44587e-05
-0.46875 -0.875 0.000125572
-0.453125 -0.875 0.000231585
-0.03125 -0.875 0.000198882
-0.015625 -0.875 0.00130928
0 -0.875 0.00115003
0.015625 -0.875 3.96797e-05
0.03125 -0.875 0.000490856
0.625 -0.875 0.000137499
0.640625 -0.875 0.0002296
0.65625 -0.875 9.20934e-05
-0.484375 -0.890625 0.000500767
-0.46875 -0.890625 5.11097e-05
-0.453125 -0.890625 0.000231586
-0.4375 -0.890625 0.000180353
-0.03125 -0.890625 0.00024898
-0.015625 -0.890625 1.38889e-05
0 -0.890625 5.35723e-05
0.015625 -0.890625 5.76706e-05
0.03125 -0.890625 5.76705e-05
0.078125 -0.890625 7.89136e-05
0.09375 -0.890625 0.000172054
0.109375 -0.890625 0.000149629
0.125 -0.890625 0.000938994
0.625 -0.890625 0.000374018
0.640625 -0.890625 6.62319e-05
0.65625 -0.890625 9.23723e-05
-0.46875 -0.90625 5.11097e-05
-0.453125 -0.90625 0.00010668
-0.4375 -0.90625 0.00044396
-0.09375 -0.90625 7.30451e-05
-0.078125 -0.90625 7.30451e-05
-0.03125 -0.90625 5.00393e-05
-0.015625 -0.90625 1.38889e-05
0 -0.90625 6.19269e-05
0.015625 -0.90625 6.60562e-05
0.03125 -0.90625 1.79854e-05
0.046875 -0.90625 2.66907e-05
0.0625 -0.90625 8.76154e-05
0.078125 -0.90625 2.24057e-05
0.09375 -0.90625 0.000172054
0.109375 -0.90625 0.000209137
0.125 -0.90625 4.12319e-05
0.640625 -0.90625 0.000236517
0.65625 -0.90625 9.23723e-05
0.671875 -0.90625 2.61332e-05
0.6875 -0.90625 0.00139972
-0.46875 -0.921875 0.000274737
-0.453125 -0.921875 5.5557e-05
-0.109375 -0.921875 0.000144725
-0.09375 -0.921875 0.000217784
-0.078125 -0.921875 0.00011998
-0.0625 -0.921875 0.000156145
-0.046875 -0.921875 3.61498e-05
-0.03125 -0.921875 3.61498e-05
-0.015625 -0.921875 0.000136968
0 -0.921875 4.80365e-05
0.015625 -0.921875 4.80365e-05
0.03125 -0.921875 7.47495e-05
0.046875 -0.921875 2.66907e-05
0.0625 -0.921875 3.1098e-05
0.078125 -0.921875 4.93571e-05
0.09375 -0.921875 4.06644e-05
0.109375 -0.921875 5.949e-05
0.125 -0.921875 4.12318e-05
0.640625 -0.921875 0.000224355
0.65625 -0.921875 8.02048e-05
0.671875 -0.921875 2.61332e-05
0.6875 -0.921875 0.000982194
-0.46875 -0.9375 0.00022361
-0.453125 -0.9375 5.5557e-05
-0.4375 -0.9375 0.00013515
-0.421875 -0.9375 0.0003466
-0.109375 -0.9375 0.000144725
-0.09375 -0.9375 0.000220341
-0.078125 -0.9375 7.56088e-05
-0.0625 -0.9375 4.69313e-05
-0.046875 -0.9375 0.000140985
-0.03125 -0.9375 7.50412e-05
-0.015625 -0.9375 3.8891e-05
0 -0.9375 8.69274e-05
0.015625 -0.9375 0.000102483
0.03125 -0.9375 5.4447e-05
0.046875 -0.9375 6.31397e-05
0.0625 -0.9375 2.76207e-05
0.078125 -0.9375 4.58833e-05
0.09375 -0.9375 3.71912e-05
0.109375 -0.9375 1.8258e-05
0.125 -0.9375 0.000152814
0.140625 -0.9375 4.12656e-05
0.171875 -0.9375 0.00150168
0.1875 -0.9375 4.09113e-05
0.203125 -0.9375 4.09113e-05
0.671875 -0.9375 0.00184765
0.6875 -0.9375 0.00179347
-0.46875 -0.953125 0.000719258
-0.453125 -0.953125 0.00085457
-0.4375 -0.953125 7.95916e-05
-0.421875 -0.953125 7.95915e-05
-0.109375 -0.953125 0.000173409
-0.09375 -0.953125 2.86739e-05
-0.078125 -0.953125 7.56088e-05
-0.0625 -0.953125 0.000104835
-0.046875 -0.953125 0.000104835
-0.03125 -0.953125 9.67816e-05
-0.015625 -0.953125 3.88909e-05
0.03125 -0.953125 5.4447e-05
0.046875 -0.953125 0.00151229
0.0625 -0.953125 2.76207e-05
0.078125 -0.953125 1.8928e-05
0.09375 -0.953125 3.71912e-05
0.109375 -0.953125 7.03075e-05
0.125 -0.953125 5.20455e-05
0.140625 -0.953125 9.33191e-05
0.15625 -0.953125 5.84377e-05
0.171875 -0.953125 1.71678e-05
0.1875 -0.953125 5.81042e-05
0.203125 -0.953125 7.46223e-05
0.21875 -0.953125 3.37065e-05
0.65625 -0.953125 0.000891584
0.671875 -0.953125 0.000837418
0.6875 -0.953125 0.000837417
-0.453125 -0.96875 0.000630766
-0.4375 -0.96875 7.95915e-05
-0.421875 -0.96875 9.69201e-05
-0.40625 -0.96875 0.000274695
-0.125 -0.96875 8.84412e-05
-0.109375 -0.96875 0.000117139
-0.09375 -0.96875 2.86739e-05
-0.078125 -0.96875 4.91834e-05
-0.0625 -0.96875 7.83817e-05
0.125 -0.96875 5.20455e-05
0.140625 -0.96875 0.000110602
0.15625 -0.96875 7.57193e-05
0.171875 -0.96875 1.71678e-05
0.1875 -0.96875 0.000118356
0.203125 -0.96875 0.000134975
0.21875 -0.96875 3.37065e-05
0.234375 -0.96875 6.88655e-05
0.609375 -0.96875 0.000487215
0.625 -0.96875 3.66892e-05
0.640625 -0.96875 0.00023075
0.65625 -0.96875 0.00106838
0.671875 -0.96875 0.00103163
-0.421875 -0.984375 1.73276e-05
-0.40625 -0.984375 1.73276e-05
-0.125 -0.984375 8.84413e-05
-0.109375 -0.984375 0.00010884
-0.09375 -0.984375 6.95903e-05
-0.078125 -0.984375 2.04902e-05
0.125 -0.984375 0.00108909
0.140625 -0.984375 5.85459e-05
0.15625 -0.984375 5.8546e-05
0.171875 -0.984375 0.000532807
0.1875 -0.984375 0.00010117
0.203125 -0.984375 0.00010117
0.21875 -0.984375 0.000300354
0.234375 -0.984375 6.88656e-05
0.28125 -0.984375 0.000675066
0.296875 -0.984375 4.01592e-05
0.3125 -0.984375 0.00143902
0.453125 -0.984375 6.89256e-05
0.46875 -0.984375 0.000685925
0.484375 -0.984375 0.000118295
0.5 -0.984375 0.000151387
0.59375 -0.984375 0.000304174
0.609375 -0.984375 0.000206958
0.625 -0.984375 0.000243747
0.640625 -0.984375 0.00023075
0.65625 -0.984375 0.000193948
-0.421875 -1 0.000787991
-0.40625 -1 1.73276e-05
-0.328125 -1 0.000192506
-0.3125 -1 0.000192506
-0.125 -1 0.000447052
-0.109375 -1 2.03973e-05
-0.09375 -1 4.08876e-05
0.171875 -1 0.000355888
0.203125 -1 0.00023127
0.21875 -1 0.000130099
0.234375 -1 0.000165377
0.25 -1 4.46462e-05
0.265625 -1 4.46462e-05
0.28125 -1 4.96535e-05
0.296875 -1 0.000113423
0.3125 -1 0.000113423
0.328125 -1 0.000182269
0.34375 -1 0.000159878
0.421875 -1 7.16322e-05
0.4375 -1 0.00010128
0.453125 -1 6.89256e-05
0.46875 -1 2.96476e-05
0.484375 -1 0.000181035
0.5 -1 0.000151387
0.515625 -1 3.30916e-05
0.53125 -1 0.000501464
0.546875 -1 0.000281509
0.5625 -1 1.75136e-05
0.578125 -1 0.000118978
0.59375 -1 0.000308392
0.609375 -1 0.000206958
0.625 -1 0.00163413
-0.421875 -1.01562 0.00141194
-0.40625 -1.01562 5.52212e-05
-0.390625 -1.01562 3.78805e-05
-0.375 -1.01562 0.000121111
-0.359375 -1.01562 8.31878e-05
-0.34375 -1.01562 0.000131894
-0.328125 -1.01562 7.83557e-05
-0.3125 -1.01562 2.96578e-05
-0.296875 -1.01562 0.00074593
-0.125 -1.01562 5.23713e-05
-0.109375 -1.01562 5.23713e-05
-0.09375 -1.01562 5.98301e-05
0.21875 -1.01562 0.000130099
0.234375 -1.01562 0.00101475
0.25 -1.01562 0.0009295
0.265625 -1.01562 9.47867e-06
0.28125 -1.01562 5.76444e-05
0.296875 -1.01562 0.000161619
0.3125 -1.01562 7.32457e-05
0.328125 -1.01562 7.32458e-05
0.34375 -1.01562 0.000268365
0.421875 -1.01562 3.23542e-05
0.4375 -1.01562 8.89685e-05
0.453125 -1.01562 5.66139e-05
0.46875 -1.01562 2.96475e-05
0.484375 -1.01562 0.000138454
0.5 -1.01562 0.000141898
0.515625 -1.01562 0.00029724
0.53125 -1.01562 0.000297241
0.546875 -1.01562 0.00028151
0.5625 -1.01562 0.000383028
0.578125 -1.01562 0.000118978
0.59375 -1.01562 0.000101426
0.609375 -1.01562 0.000661287
-0.421875 -1.03125 0.000584499
-0.40625 -1.03125 0.000622382
-0.390625 -1.03125 3.78805e-05
-0.375 -1.03125 0.000194203
-0.359375 -1.03125 0.000131894
-0.34375 -1.03125 4.86904e-05
-0.328125 -1.03125 7.83556e-05
-0.3125 -1.03125 2.96578e-05
-0.296875 -1.03125 6.22328e-05
-0.28125 -1.03125 0.000218099
-0.125 -1.03125 3.19738e-05
-0.109375 -1.03125 0.000123229
-0.09375 -1.03125 3.94314e-05
-0.078125 -1.03125 3.94314e-05
0.234375 -1.03125 0.000884627
0.25 -1.03125 0.000884628
0.265625 -1.03125 0.000942382
0.28125 -1.03125 5.76444e-05
0.296875 -1.03125 4.81653e-05
0.328125 -1.03125 0.000108483
0.34375 -1.03125 3.52205e-05
0.359375 -1.03125 8.59993e-05
0.375 -1.03125 6.71811e-05
0.390625 -1.03125 1.64044e-05
0.40625 -1.03125 4.87608e-05
0.421875 -1.03125 0.000390274
0.4375 -1.03125 2.69654e-05
0.453125 -1.03125 2.69654e-05
0.53125 -1.03125 0.000263842
0.546875 -1.03125 0.000263842
0.5625 -1.03125 0.00162679
0.578125 -1.03125 0.0014645
0.59375 -1.03125 0.000454326
-0.390625 -1.04688 0.000194203
-0.375 -1.04688 0.000156274
-0.359375 -1.04688 0.000204982
-0.34375 -1.04688 4.86903e-05
-0.328125 -1.04688 0.000585515
-0.3125 -1.04688 0.000569299
-0.296875 -1.04688 3.25726e-05
-0.28125 -1.04688 3.25726e-05
-0.109375 -1.04688 3.14242e-05
-0.09375 -1.04688 7.08559e-05
-0.078125 -1.04688 0.000344959
-0.0625 -1.04688 0.000344958
0.328125 -1.04688 0.000200187
0.34375 -1.04688 3.52204e-05
0.359375 -1.04688 7.84905e-05
0.375 -1.04688 5.96771e-05
0.390625 -1.04688 1.64044e-05
0.40625 -1.04688 0.000347163
0.421875 -1.04688 0.000357808
0.4375 -1.04688 0.000357808
0.453125 -1.04688 0.000900187
-0.375 -1.0625 0.000156274
-0.296875 -1.0625 0.000569299
-0.28125 -1.0625 0.00010742
-0.265625 -1.0625 0.000193219
-0.109375 -1.0625 3.14242e-05
-0.09375 -1.0625 0.000233544
-0.078125 -1.0625 0.000547022
-0.0625 -1.0625 0.000305463
0.359375 -1.0625 4.32698e-05
0.375 -1.0625 4.32698e-05
0.390625 -1.0625 0.00544924
0.40625 -1.0625 0.000330713
0.421875 -1.0625 0.000330713
0.4375 -1.0625 0.00286046
-0.28125 -1.07812 7.48286e-05
-0.265625 -1.07812 7.48286e-05
-0.25 -1.07812 0.000193219
-0.234375 -1.07812 0.000291263
-0.203125 -1.07812 0.000384509
-0.1875 -1.07812 0.000211671
-0.171875 -1.07812 0.000333457
-0.15625 -1.07812 0.000426824
-0.140625 -1.07812 0.000305026
-0.125 -1.07812 0.000336591
-0.109375 -1.07812 0.000529547
-0.09375 -1.07812 0.000202026
-0.078125 -1.07812 0.000507506
-0.265625 -1.09375 0.000214177
-0.25 -1.09375 0.000214177
-0.234375 -1.09375 0.000312265
-0.21875 -1.09375 0.000172836
-0.203125 -1.09375 0.000642972
-0.1875 -1.09375 0.000591917
-0.171875 -1.09375 0.000121783
-0.15625 -1.09375 0.000426825
-0.140625 -1.09375 0.000600964
-0.125 -1.09375 0.000600964
-0.109375 -1.09375 0.000497983
-0.234375 -1.10938 0.000312264
-0.21875 -1.10938 0.000431286
-0.203125 -1.10938 0.000258437
-0.171875 -1.10938 0.000121783
-0.15625 -1.10938 0.0049933
-0.140625 -1.10938 0.0052893
-0.125 -1.10938 0.000295936
1999 65536
4
