58130
58131
58132
58137
58138
58139
58140
58141
58142
58639
58640
58641
58642
58643
58644
58645
58646
58649
58650
58651
58652
58653
58654
58655
59149
59150
59151
59152
59153
59154
59155
59156
59157
59158
59159
59160
59161
59162
59163
59166
59167
59168
59169
59659
59660
59661
59662
59663
59664
59665
59670
59671
59672
59673
59674
59678
59679
59680
59681
59682
59683
60171
60172
60173
60174
60191
60193
60194
60195
60196
60682
60683
60684
60706
60707
60708
60709
61129
61130
61131
61132
61134
61135
61136
61137
61193
61194
61195
61218
61219
61220
61221
61639
61640
61641
61642
61643
61644
61645
61646
61647
61648
61649
61650
61651
61705
61706
61732
61733
61734
61740
61741
61742
61743
61744
62150
62151
62152
62153
62154
62155
62156
62157
62158
62159
62160
62161
62162
62163
62164
62217
62218
62219
62220
62221
62244
62245
62246
62247
62252
62253
62254
62255
62256
62257
62662
62663
62673
62674
62675
62676
62677
62729
62730
62731
62732
62733
62758
62759
62760
62761
62764
62765
62767
62768
62769
62770
62771
63156
63157
63160
63161
63162
63174
63175
63176
63187
63188
63189
63190
63195
63196
63197
63198
63199
63200
63201
63243
63244
63245
63246
63270
63271
63272
63273
63274
63275
63276
63277
63281
63282
63283
63284
63666
63667
63668
63669
63670
63671
63672
63673
63674
63675
63676
63677
63678
63687
63688
63700
63701
63702
63706
63707
63708
63709
63710
63711
63712
63713
63714
63756
63757
63758
63783
63784
63785
63786
63787
63788
63789
63793
63794
63795
63796
63797
64177
64178
64179
64180
64181
64182
64183
64184
64186
64187
64188
64189
64190
64191
64192
64193
64197
64198
64199
64200
64212
64213
64214
64215
64216
64217
64218
64219
64220
64222
64223
64224
64225
64226
64227
64268
64269
64270
64296
64297
64298
64299
64308
64309
64689
64690
64691
64701
64702
64703
64704
64705
64706
64707
64708
64709
64710
64711
64712
64725
64726
64727
64728
64729
64730
64731
64732
64736
64737
64738
64739
64740
64780
64781
64782
64820
64821
64822
65201
65202
65203
65214
65215
65216
65217
65218
65219
65220
65221
65222
65223
65224
65238
65239
65240
65241
65242
65243
65250
65251
65252
65253
65292
65293
65294
65332
65333
65334
65709
65710
65711
65712
65713
65714
65715
65728
65729
65730
65731
65732
65733
65734
65762
65763
65764
65765
65804
65805
65806
65807
65844
65845
65846
66219
66220
66221
66222
66223
66224
66225
66226
66275
66276
66277
66280
66281
66282
66283
66284
66315
66316
66317
66318
66319
66356
66357
66358
66730
66731
66732
66733
66788
66789
66790
66791
66792
66793
66794
66795
66796
66797
66798
66799
66825
66826
66827
66828
66829
66830
66868
66869
66870
67242
67243
67244
67300
67301
67302
67303
67304
67305
67306
67307
67308
67309
67310
67311
67312
67337
67338
67339
67340
67341
67342
67381
67382
67383
67384
67385
67753
67754
67755
67812
67813
67814
67815
67816
67817
67820
67821
67822
67823
67824
67825
67849
67850
67851
67852
67893
67894
67895
67896
67897
67898
68264
68265
68266
68267
68326
68327
68328
68329
68334
68335
68336
68337
68355
68356
68357
68358
68360
68361
68362
68363
68364
68406
68407
68409
68410
68411
68776
68777
68847
68848
68849
68850
68852
68853
68854
68855
68856
68857
68858
68859
68867
68868
68869
68870
68871
68872
68873
68874
68875
68876
68921
68922
68923
69288
69289
69359
69360
69361
69362
69363
69364
69365
69366
69367
69368
69369
69370
69371
69372
69377
69378
69379
69380
69381
69382
69383
69384
69385
69386
69387
69434
69435
69436
69800
69801
69872
69873
69874
69875
69876
69877
69878
69879
69880
69881
69882
69883
69884
69885
69886
69888
69889
69890
69891
69892
69893
69894
69895
69896
69897
69898
69899
69946
69947
69948
70311
70312
70313
70314
70315
70384
70385
70386
70387
70388
70389
70390
70392
70393
70394
70395
70396
70397
70398
70399
70400
70401
70402
70403
70404
70408
70409
70458
70459
70824
70825
70826
70827
70828
70829
70897
70898
70899
70900
70901
70902
70907
70908
70909
70910
70911
70912
70913
70914
70915
70969
70970
70971
71337
71338
71339
71340
71341
71342
71411
71412
71413
71420
71421
71422
71423
71424
71425
71426
71427
71481
71482
71483
71852
71853
71854
71933
71934
71935
71936
71937
71938
71993
71994
71995
71996
72364
72365
72366
72367
72447
72448
72506
72507
72508
72509
72877
72878
72879
73018
73019
73020
73021
73388
73389
73390
73391
73532
73533
73534
73899
73900
73901
73902
74043
74044
74045
74412
74413
74414
74555
74556
74557
74923
74924
74925
74926
75066
75067
75068
75069
75433
75434
75435
75436
75437
75438
75578
75579
75580
75944
75945
75946
75947
75948
75949
76090
76091
76092
76093
76456
76457
76458
76602
76603
76604
76605
76606
76964
76965
76966
76967
76968
76969
76970
77116
77117
77118
77475
77476
77477
77478
77479
77480
77481
77482
77628
77629
77630
77982
77983
77984
77985
77986
77987
77988
77989
77990
77991
77992
77993
78139
78140
78141
78142
78493
78494
78495
78496
78497
78498
78499
78500
78650
78651
78652
78653
78654
79004
79005
79006
79007
79008
79009
79010
79011
79012
79162
79163
79164
79165
79516
79517
79518
79522
79674
79675
79676
79677
79678
80024
80025
80026
80027
80028
80029
80030
80186
80187
80188
80189
80190
80191
80535
80536
80537
80538
80539
80540
80541
80699
80700
80701
80702
80703
81045
81046
81047
81048
81049
81050
81051
81052
81213
81214
81215
81216
81557
81558
81559
81725
81726
81727
81738
81739
81740
81741
82069
82070
82237
82238
82239
82240
82249
82250
82251
82252
82253
82254
82255
82581
82582
82583
82749
82750
82751
82752
82753
82754
82755
82761
82762
82763
82764
82765
82766
82767
82768
83093
83094
83095
83261
83262
83263
83264
83265
83266
83267
83272
83273
83274
83275
83278
83279
83280
83281
83604
83605
83606
83607
83773
83774
83775
83776
83777
83778
83779
83780
83781
83782
83783
83784
83785
83786
83791
83792
83793
83794
84113
84114
84115
84116
84117
84118
84290
84291
84292
84293
84294
84295
84296
84297
84304
84305
84306
84307
84624
84625
84626
84627
84628
84629
84802
84803
84804
84805
84806
84807
84808
84809
84816
84817
84818
84819
84820
85135
85136
85137
85315
85316
85317
85319
85331
85332
85647
85648
85842
85843
85844
86158
86159
86160
86354
86355
86356
86670
86671
86672
86867
86868
86869
87182
87183
87379
87380
87381
87693
87694
87695
87891
87892
88205
88206
88207
88403
88404
88717
88718
88719
88720
88721
88915
88916
88917
88918
89230
89231
89232
89233
89234
89235
89427
89428
89429
89430
89431
89432
89742
89743
89744
89745
89746
89747
89939
89940
89941
89942
89943
89944
90257
90258
90259
90260
90453
90455
90456
90770
90771
90772
90967
90968
90969
91281
91282
91283
91479
91480
91481
91793
91794
91795
91991
91992
91993
92304
92305
92306
92307
92502
92503
92504
92816
92817
92818
92819
93014
93015
93016
93327
93328
93329
93330
93525
93526
93527
93838
93839
93840
93841
94037
94038
94039
94040
94350
94351
94352
94550
94551
94552
94862
94863
94864
95062
95063
95064
95373
95374
95375
95376
95572
95573
95574
95575
95576
95884
95885
95886
95887
96084
96085
96086
96396
96397
96398
96596
96597
96598
96909
96910
96911
97108
97109
97110
97421
97422
97423
97618
97619
97620
97621
97622
97932
97933
97934
98129
98130
98131
98132
98133
98444
98445
98641
98642
98643
98644
98956
98957
99152
99153
99154
99155
99156
99468
99469
99663
99664
99665
99666
99667
99980
99981
99982
99983
99984
99985
100174
100175
100176
100177
100178
100492
100493
100494
100495
100496
100497
100686
100687
100688
100689
101005
101006
101007
101008
101009
101199
101200
101201
101202
101519
101520
101521
101710
101711
101712
101713
102031
102032
102033
102221
102222
102223
102224
102225
102543
102544
102545
102733
102734
102735
102736
102737
103055
103056
103057
103246
103247
103248
103249
103250
103567
103568
103569
103585
103586
103587
103588
103589
103593
103594
103595
103759
103760
103761
103762
103765
103766
104079
104080
104081
104082
104095
104096
104097
104098
104099
104100
104101
104103
104104
104105
104106
104107
104108
104109
104271
104272
104273
104274
104275
104276
104277
104278
104279
104280
104592
104593
104605
104606
104607
104608
104609
104610
104611
104612
104613
104614
104615
104616
104617
104618
104619
104620
104621
104622
104783
104784
104785
104786
104787
104788
104789
104790
104791
104792
104793
105104
105105
105106
105107
105108
105116
105117
105118
105119
105120
105121
105122
105123
105124
105125
105126
105127
105128
105129
105130
105131
105132
105133
105134
105296
105297
105298
105299
105300
105301
105302
105303
105304
105305
105617
105618
105619
105620
105627
105628
105629
105630
105631
105632
105633
105634
105636
105637
105638
105639
105640
105641
105642
105643
105644
105645
105646
105755
105756
105757
105758
105759
105810
105811
105812
105815
105816
105817
106129
106130
106131
106132
106133
106139
106140
106141
106142
106143
106149
106150
106151
106152
106153
106154
106155
106156
106157
106158
106266
106267
106268
106269
106270
106271
106327
106328
106329
106643
106644
106645
106646
106651
106652
106653
106654
106668
106669
106670
106671
106777
106778
106779
106780
106781
106782
106783
106784
106839
106840
106841
106842
107156
107157
107158
107159
107163
107164
107165
107179
107180
107181
107182
107183
107184
107185
107187
107188
107189
107289
107290
107291
107292
107293
107294
107295
107296
107352
107353
107354
107668
107669
107670
107671
107672
107673
107674
107675
107676
107677
107692
107693
107694
107695
107696
107697
107698
107699
107700
107701
107702
107703
107801
107802
107803
107804
107805
107806
107807
107808
107809
107863
107864
107865
107866
108182
108183
108184
108185
108186
108187
108188
108189
108204
108205
108206
108207
108208
108209
108210
108211
108212
108213
108214
108215
108313
108314
108315
108316
108317
108318
108319
108320
108375
108376
108377
108696
108697
108698
108699
108700
108717
108718
108719
108720
108721
108722
108723
108724
108725
108726
108727
108728
108826
108827
108828
108829
108830
108831
108887
108888
108889
109231
109232
109233
109234
109235
109236
109237
109238
109239
109240
109339
109340
109341
109342
109343
109398
109399
109400
109744
109745
109746
109747
109748
109749
109750
109751
109752
109753
109910
109911
109912
109913
110258
110259
110260
110261
110262
110263
110264
110265
110422
110423
110424
110425
110426
110772
110773
110774
110775
110776
110777
110935
110936
110937
110938
111284
111285
111286
111287
111288
111447
111448
111449
111450
111796
111797
111798
111799
111800
111958
111959
111960
111961
112307
112308
112309
112310
112311
112469
112470
112471
112472
112473
112819
112820
112821
112822
112823
112981
112982
112983
112984
113332
113333
113334
113335
113491
113492
113493
113494
113495
113843
113844
113845
113846
113847
114003
114004
114005
114006
114007
114356
114357
114358
114359
114360
114513
114515
114516
114517
114518
114519
114867
114868
114869
114870
114871
114872
114873
115024
115025
115026
115027
115028
115029
115380
115381
115382
115383
115384
115385
115534
115535
115536
115537
115538
115539
115540
115893
115894
115895
115896
115897
115899
115900
115901
116045
116046
116047
116048
116049
116050
116051
116405
116406
116407
116408
116409
116410
116411
116412
116413
116414
116556
116557
116558
116559
116560
116561
116562
116918
116919
116920
116921
116922
116923
116924
116925
116926
117068
117069
117070
117071
117072
117430
117431
117432
117433
117434
117435
117436
117437
117438
117439
117579
117580
117581
117582
117583
117584
117943
117944
117945
117946
117947
117948
117949
117950
117951
118091
118092
118093
118094
118095
118455
118456
118457
118458
118459
118460
118461
118462
118463
118603
118604
118605
118606
118607
118970
118971
118972
118973
118974
118975
118976
119115
119116
119117
119118
119119
119482
119483
119484
119485
119486
119487
119627
119628
119629
119630
119631
119632
119633
119634
119993
119994
119995
119996
119997
119998
119999
120139
120140
120141
120142
120143
120144
120145
120146
120147
120504
120505
120506
120507
120508
120509
120510
120652
120653
120654
120655
120656
120657
120658
120659
121016
121017
121018
121019
121020
121021
121022
121165
121166
121167
121168
121169
121170
121171
121527
121528
121529
121530
121531
121532
121681
121682
121683
122038
122039
122040
122041
122042
122043
122044
122193
122194
122195
122550
122551
122552
122553
122554
122704
122705
122706
122707
123062
123063
123064
123065
123066
123216
123217
123218
123219
123573
123574
123575
123576
123577
123727
123728
123729
123730
124085
124086
124087
124088
124089
124239
124240
124241
124242
124596
124597
124598
124599
124600
124751
124752
124753
124754
125108
125109
125110
125111
125112
125263
125264
125265
125266
125267
125621
125622
125623
125624
125625
125774
125775
125776
125777
125778
126133
126134
126135
126136
126137
126286
126287
126288
126289
126290
126645
126646
126647
126648
126797
126798
126799
126800
126801
127157
127158
127159
127160
127308
127309
127310
127311
127312
127669
127670
127671
127818
127819
127820
127821
127822
127823
127824
128181
128182
128183
128184
128185
128186
128187
128188
128329
128330
128331
128332
128333
128334
128335
128336
128693
128694
128695
128696
128697
128698
128699
128700
128701
128839
128840
128841
128842
128843
128844
128845
128846
129205
129206
129207
129208
129209
129210
129211
129212
129213
129349
129350
129351
129352
129353
129354
129355
129356
129357
129718
129719
129720
129721
129722
129723
129724
129725
129861
129862
129863
129864
129865
129866
129867
129868
130232
130233
130234
130235
130236
130237
130372
130373
130374
130375
130376
130377
130744
130745
130746
130747
130748
130749
130884
130885
130886
130887
130888
130889
131256
131257
131258
131259
131260
131261
131396
131397
131398
131399
131400
131401
131768
131769
131770
131771
131772
131908
131909
131910
131911
131912
131913
132277
132278
132279
132280
132281
132282
132283
132284
132420
132421
132422
132423
132424
132425
132426
132427
132788
132789
132790
132791
132792
132793
132794
132795
132796
132932
132933
132934
132935
132936
132937
132938
132939
132940
133299
133300
133301
133302
133303
133304
133305
133306
133444
133445
133446
133447
133448
133449
133450
133451
133452
133809
133810
133811
133812
133813
133814
133815
133816
133957
133958
133959
133960
133961
133962
133963
133964
134321
134322
134323
134324
134325
134326
134327
134474
134475
134476
134833
134834
134835
134836
134837
134985
134986
134987
134988
135344
135345
135346
135347
135348
135497
135498
135499
135500
135855
135856
135857
135858
135859
136008
136009
136010
136011
136012
136367
136368
136369
136370
136371
136520
136521
136522
136523
136524
136878
136879
136880
136881
136882
137033
137034
137035
137036
137037
137391
137392
137393
137394
137545
137546
137547
137548
137549
137903
137904
137905
137906
138056
138057
138058
138059
138060
138415
138416
138417
138418
138568
138569
138570
138571
138572
138926
138927
138928
138929
139079
139080
139081
139082
139083
139438
139439
139440
139441
139591
139592
139593
139594
139595
139950
139951
139952
140101
140102
140103
140104
140105
140106
140107
140462
140463
140464
140613
140614
140615
140616
140617
140618
140974
140975
140976
140977
140978
140979
140980
141123
141124
141125
141126
141127
141128
141129
141486
141487
141488
141489
141490
141491
141492
141493
141635
141636
141637
141638
141639
141640
141641
141998
141999
142000
142001
142002
142003
142004
142005
142006
142146
142147
142148
142149
142150
142151
142152
142511
142512
142513
142514
142515
142516
142517
142518
142658
142659
142660
142661
142662
142663
143026
143027
143028
143029
143030
143170
143171
143172
143173
143174
143175
143538
143539
143540
143541
143542
143682
143683
143684
143685
143686
143687
143688
143689
143690
144050
144051
144052
144053
144054
144194
144195
144196
144197
144198
144199
144200
144201
144202
144561
144562
144563
144564
144565
144706
144707
144708
144709
144710
144711
144712
144713
144714
144715
145073
145074
145075
145076
145077
145219
145220
145221
145222
145223
145224
145225
145226
145227
145583
145584
145585
145586
145587
145588
145589
145731
145732
145733
145734
145735
145736
145737
145738
145739
145740
146094
146095
146096
146097
146098
146099
146100
146244
146245
146246
146248
146249
146250
146251
146252
146605
146606
146607
146608
146609
146610
146611
146760
146761
146762
146763
146764
146765
147116
147117
147118
147119
147120
147121
147272
147273
147274
147275
147276
147277
147278
147626
147627
147628
147629
147630
147632
147785
147786
147787
147788
147789
148138
148139
148140
148141
148142
148298
148299
148300
148301
148302
148650
148651
148652
148653
148654
148810
148811
148812
148813
149161
149162
149163
149164
149322
149323
149324
149325
149326
149672
149673
149674
149675
149676
149834
149835
149836
149837
149838
150184
150185
150186
150187
150345
150346
150347
150348
150349
150695
150696
150697
150698
150857
150858
150859
150860
150861
151207
151208
151209
151210
151368
151369
151370
151371
151372
151373
151719
151720
151721
151722
151723
151880
151881
151882
151883
151884
151885
151886
151887
152232
152233
152234
152235
152392
152393
152394
152395
152396
152397
152398
152399
152400
152401
152745
152746
152747
152905
152906
152907
152908
152909
152910
152911
152912
152913
152914
153256
153257
153258
153417
153418
153419
153420
153421
153422
153423
153424
153425
153426
153427
153428
153445
153446
153447
153448
153449
153768
153769
153770
153930
153931
153932
153933
153934
153935
153936
153937
153938
153939
153940
153941
153956
153957
153958
153959
153960
153961
153962
153963
154279
154280
154281
154282
154442
154443
154444
154445
154446
154447
154448
154449
154450
154451
154452
154453
154467
154468
154469
154470
154471
154472
154473
154474
154475
154476
154477
154791
154792
154793
154956
154957
154958
154960
154961
154962
154963
154964
154965
154966
154979
154980
154981
154982
154986
154987
154988
154989
155303
155304
155305
155306
155474
155475
155476
155477
155491
155492
155493
155494
155499
155500
155501
155502
155816
155817
155818
155987
155988
155989
155990
155991
155992
155993
155994
155995
155996
156002
156003
156004
156005
156006
156012
156013
156014
156015
156016
156328
156329
156330
156333
156334
156335
156499
156500
156501
156502
156503
156504
156505
156506
156507
156508
156509
156511
156512
156513
156514
156515
156516
156517
156518
156525
156526
156527
156528
156840
156841
156842
156843
156844
156845
156846
156847
156848
156849
157011
157012
157013
157014
157015
157016
157017
157018
157019
157020
157021
157022
157023
157024
157025
157026
157027
157028
157029
157037
157038
157039
157040
157041
157352
157353
157354
157355
157356
157357
157358
157359
157360
157361
157362
157523
157524
157525
157526
157527
157528
157529
157530
157531
157532
157533
157534
157535
157536
157537
157538
157539
157540
157552
157553
157865
157866
157867
157868
157869
157870
157871
157872
157873
157874
158036
158037
158038
158039
158040
158041
158042
158044
158045
158046
158047
158048
158049
158050
158063
158064
158065
158066
158379
158380
158383
158384
158385
158386
158550
158551
158552
158556
158557
158558
158559
158560
158576
158577
158578
158895
158896
158897
158898
158899
159088
159089
159090
159408
159409
159410
159411
159600
159601
159602
159920
159921
159922
159923
160112
160113
160114
160432
160433
160434
160435
160624
160625
160626
160943
160944
160945
160946
161136
161137
161138
161139
161140
161456
161457
161458
161459
161648
161649
161650
161651
161652
161653
161967
161968
161969
161970
161971
162160
162161
162162
162163
162164
162165
162478
162479
162480
162481
162482
162676
162677
162989
162990
162991
162992
162993
163188
163189
163501
163502
163503
163504
163700
163701
164012
164013
164014
164015
164016
164211
164212
164213
164523
164524
164525
164526
164527
164722
164723
164724
165035
165036
165037
165234
165235
165236
165547
165548
165549
165747
165748
165749
166059
166060
166061
166258
166259
166260
166261
166569
166570
166571
166572
166573
166769
166770
166771
166772
167081
167082
167083
167281
167282
167283
167593
167594
167595
167793
167794
167795
168105
168106
168107
168108
168304
168305
168306
168307
168618
168619
168620
168815
168816
168817
168818
169129
169130
169131
169326
169327
169328
169329
169641
169642
169643
169838
169839
169840
169841
170152
170153
170154
170350
170351
170352
170664
170665
170666
170862
170863
170864
171176
171177
171178
171373
171374
171375
171689
171690
171692
171885
171886
171887
171888
172201
172202
172203
172204
172205
172206
172398
172399
172400
172401
172402
172403
172713
172714
172715
172716
172717
172718
172910
172911
172912
172913
172914
172915
173227
173228
173229
173230
173424
173425
173426
173427
173428
173741
173742
173938
173939
173940
174253
174254
174450
174451
174452
174764
174765
174766
174962
174963
175276
175277
175278
175473
175474
175475
175789
175790
175791
175985
175986
175987
176301
176302
176303
176497
176498
176813
176814
176826
176828
176829
176830
177008
177009
177010
177325
177326
177327
177328
177329
177336
177337
177338
177339
177340
177341
177342
177343
177516
177517
177518
177519
177520
177521
177838
177839
177840
177841
177848
177849
177850
177851
177852
177853
177854
177855
178027
178028
178029
178030
178031
178032
178351
178352
178353
178354
178359
178360
178361
178362
178363
178364
178365
178366
178367
178368
178369
178370
178371
178538
178539
178540
178541
178864
178865
178866
178867
178870
178871
178872
178873
178878
178879
178880
178881
178882
178883
179050
179051
179052
179377
179378
179379
179380
179381
179382
179383
179384
179390
179391
179392
179393
179394
179395
179396
179562
179563
179564
179890
179891
179892
179893
179894
179895
179896
179905
179906
179907
179908
180075
180076
180404
180405
180406
180407
180418
180419
180420
180586
180587
180588
180929
180930
180931
180932
181093
181094
181095
181096
181097
181098
181099
181100
181442
181443
181444
181445
181446
181604
181605
181606
181607
181608
181609
181610
181954
181955
181956
181957
181958
181959
182115
182116
182117
182118
182119
182120
182121
182467
182468
182469
182470
182471
182623
182627
182628
182629
182980
182981
182982
182983
183133
183134
183135
183136
183137
183138
183139
183140
183141
183491
183492
183493
183494
183495
183645
183646
183647
183648
183649
183650
183651
183652
184003
184004
184005
184006
184152
184153
184154
184155
184156
184157
184158
184159
184160
184161
184162
184163
184515
184516
184517
184663
184664
184665
184666
184667
184668
184669
184670
185027
185028
185029
185175
185176
185177
185178
185179
185180
185181
185539
185540
185541
185542
185543
185687
185688
185689
186052
186053
186054
186055
186196
186197
186198
186199
186200
186201
186565
186566
186567
186707
186708
186709
186710
186711
186712
187076
187077
187078
187079
187219
187220
187221
187222
187588
187589
187590
187731
187732
187733
188100
188101
188102
188243
188244
188245
188246
188611
188612
188613
188754
188755
188756
188757
189124
189125
189126
189127
189266
189267
189268
189636
189637
189638
189639
189778
189779
189780
189781
190149
190150
190151
190152
190207
190208
190209
190210
190211
190212
190291
190292
190293
190662
190663
190664
190718
190719
190720
190721
190722
190723
190724
190725
190732
190733
190734
190803
190804
190805
190806
190807
190808
191174
191175
191176
191230
191231
191232
191233
191234
191235
191236
191237
191238
191243
191244
191245
191246
191247
191248
191316
191317
191318
191319
191320
191321
191686
191687
191736
191737
191741
191742
191743
191744
191745
191746
191747
191748
191749
191750
191751
191752
191753
191755
191756
191757
191758
191759
191760
191761
191830
191831
191832
191833
191834
192197
192198
192199
192246
192247
192248
192249
192250
192251
192252
192253
192254
192255
192256
192257
192259
192260
192261
192262
192263
192264
192265
192266
192267
192268
192269
192270
192271
192272
192273
192344
192345
192709
192710
192711
192758
192759
192760
192761
192762
192763
192764
192765
192766
192767
192768
192773
192774
192775
192776
192777
192778
192779
192780
192781
192782
192783
192784
192785
192786
192856
192857
193222
193223
193224
193269
193270
193271
193272
193273
193274
193275
193276
193277
193278
193286
193287
193288
193289
193290
193291
193292
193293
193295
193296
193297
193298
193368
193369
193734
193735
193736
193738
193739
193781
193782
193783
193784
193785
193787
193788
193789
193790
193808
193809
193810
193811
193816
193817
193818
193819
193878
193879
193880
193881
194247
194248
194249
194250
194251
194252
194293
194294
194295
194296
194320
194321
194322
194323
194324
194325
194328
194329
194330
194331
194332
194333
194390
194391
194392
194760
194761
194762
194763
194764
194803
194804
194805
194806
194807
194808
194833
194834
194835
194836
194837
194838
194839
194840
194841
194842
194843
194844
194845
194901
194902
194903
195275
195276
195277
195315
195316
195317
195318
195319
195320
195346
195347
195348
195349
195350
195351
195352
195353
195354
195355
195356
195357
195412
195413
195414
195415
195787
195788
195789
195826
195827
195828
195829
195830
195861
195862
195863
195864
195865
195868
195869
195870
195919
195920
195921
195922
195923
195924
195925
195926
196299
196300
196301
196338
196339
196340
196341
196380
196381
196382
196383
196411
196412
196413
196414
196415
196416
196417
196430
196431
196432
196433
196434
196435
196436
196811
196812
196813
196851
196852
196853
196892
196893
196894
196895
196902
196903
196904
196905
196906
196907
196921
196922
196923
196924
196925
196926
196927
196928
196929
196930
196931
196942
196943
196944
197323
197324
197325
197363
197364
197365
197405
197406
197407
197408
197409
197413
197414
197415
197416
197417
197418
197419
197420
197433
197434
197435
197436
197437
197438
197439
197440
197441
197442
197443
197444
197454
197455
197456
197836
197837
197846
197847
197848
197849
197875
197876
197877
197918
197919
197920
197921
197922
197923
197925
197926
197927
197928
197929
197930
197931
197932
197933
197945
197946
197947
197948
197952
197953
197954
197955
197956
197957
197958
197959
197961
197962
197963
197964
197965
197966
197967
197968
198348
198349
198350
198351
198352
198356
198357
198358
198359
198360
198361
198362
198387
198388
198389
198431
198432
198433
198434
198435
198436
198437
198438
198439
198443
198444
198445
198457
198458
198467
198468
198469
198470
198471
198472
198473
198474
198475
198476
198477
198478
198479
198861
198862
198863
198864
198868
198869
198870
198871
198872
198873
198874
198875
198899
198900
198901
198902
198944
198945
198946
198947
198948
198949
198950
198955
198956
198957
198958
198969
198970
198971
198983
198984
198985
198988
198989
199374
199375
199376
199377
199378
199380
199381
199384
199385
199386
199387
199412
199413
199414
199415
199416
199468
199469
199470
199471
199472
199482
199483
199888
199889
199890
199891
199892
199893
199898
199899
199900
199901
199924
199925
199926
199927
199928
199981
199982
199983
199984
199985
199986
199987
199988
199989
199990
199991
199992
199993
199994
199995
200401
200402
200403
200404
200405
200411
200412
200413
200439
200440
200494
200495
200496
200497
200498
200499
200500
200501
200502
200503
200504
200505
200506
200924
200925
200926
200927
200950
200951
200952
201008
201009
201010
201011
201013
201014
201015
201016
201436
201437
201438
201439
201461
201462
201463
201949
201950
201951
201952
201954
201971
201972
201973
201974
202462
202463
202464
202465
202466
202467
202471
202472
202473
202474
202475
202480
202481
202482
202483
202484
202485
202486
202976
202977
202978
202979
202982
202983
202984
202985
202986
202987
202988
202989
202990
202991
202992
202993
202994
202995
202996
203490
203491
203492
203493
203494
203495
203496
203499
203500
203501
203502
203503
203504
203505
203506
204003
204004
204005
204006
204007
204008
204013
204014
204015
0.0078125
5
262144
