0.320312 0.992188 0.0078125
0.328125 0.992188 0.0078125
0.320312 0.984375 0.0078125
0.328125 0.984375 0.0078125
0.3125 0.976562 0.0078125
0.320312 0.976562 0.0078125
0.328125 0.976562 0.0078125
0.3125 0.96875 0.0078125
0.320312 0.96875 0.0078125
0.328125 0.96875 0.0078125
0.3125 0.960938 0.0078125
0.320312 0.960938 0.0078125
0.304688 0.953125 0.0078125
0.3125 0.953125 0.0078125
0.320312 0.953125 0.0078125
0.304688 0.945312 0.0078125
0.3125 0.945312 0.0078125
0.320312 0.945312 0.0078125
0.304688 0.9375 0.0078125
0.3125 0.9375 0.0078125
0.296875 0.929688 0.0078125
0.304688 0.929688 0.0078125
0.3125 0.929688 0.0078125
0.296875 0.921875 0.0078125
0.304688 0.921875 0.0078125
0.3125 0.921875 0.0078125
0.296875 0.914062 0.0078125
0.304688 0.914062 0.0078125
0.296875 0.90625 0.0078125
0.304688 0.90625 0.0078125
0.296875 0.898438 0.0078125
0.304688 0.898438 0.0078125
0.289062 0.890625 0.0078125
0.296875 0.890625 0.0078125
0.28125 0.882812 0.0078125
0.289062 0.882812 0.0078125
0.296875 0.882812 0.0078125
0.28125 0.875 0.0078125
0.289062 0.875 0.0078125
0.296875 0.875 0.0078125
0.28125 0.867188 0.0078125
0.289062 0.867188 0.0078125
0.28125 0.859375 0.0078125
0.289062 0.859375 0.0078125
0.273438 0.851562 0.0078125
0.28125 0.851562 0.0078125
0.273438 0.84375 0.0078125
0.28125 0.84375 0.0078125
0.273438 0.835938 0.0078125
0.28125 0.835938 0.0078125
0.265625 0.828125 0.0078125
0.273438 0.828125 0.0078125
0.265625 0.820312 0.0078125
0.273438 0.820312 0.0078125
0.265625 0.8125 0.0078125
0.273438 0.8125 0.0078125
0.257812 0.804688 0.0078125
0.265625 0.804688 0.0078125
0.257812 0.796875 0.0078125
0.265625 0.796875 0.0078125
0.257812 0.789062 0.0078125
0.265625 0.789062 0.0078125
0.25 0.78125 0.0078125
0.257812 0.78125 0.0078125
0.25 0.773438 0.0078125
0.257812 0.773438 0.0078125
0.25 0.765625 0.0078125
0.257812 0.765625 0.0078125
0.242188 0.757812 0.0078125
0.25 0.757812 0.0078125
0.242188 0.75 0.0078125
0.25 0.75 0.0078125
0.242188 0.742188 0.0078125
0.25 0.742188 0.0078125
0.234375 0.734375 0.0078125
0.242188 0.734375 0.0078125
0.234375 0.726562 0.0078125
0.242188 0.726562 0.0078125
0.234375 0.71875 0.0078125
0.242188 0.71875 0.0078125
0.226562 0.710938 0.0078125
0.234375 0.710938 0.0078125
0.226562 0.703125 0.0078125
0.234375 0.703125 0.0078125
0.226562 0.695312 0.0078125
0.234375 0.695312 0.0078125
0.21875 0.6875 0.0078125
0.226562 0.6875 0.0078125
0.21875 0.679688 0.0078125
0.226562 0.679688 0.0078125
0.21875 0.671875 0.0078125
0.226562 0.671875 0.0078125
0.210938 0.664062 0.0078125
0.21875 0.664062 0.0078125
0.210938 0.65625 0.0078125
0.21875 0.65625 0.0078125
0.210938 0.648438 0.0078125
0.21875 0.648438 0.0078125
0.203125 0.640625 0.0078125
0.210938 0.640625 0.0078125
0.203125 0.632812 0.0078125
0.210938 0.632812 0.0078125
0.203125 0.625 0.0078125
0.210938 0.625 0.0078125
0.195312 0.617188 0.0078125
0.203125 0.617188 0.0078125
0.195312 0.609375 0.0078125
0.203125 0.609375 0.0078125
0.195312 0.601562 0.0078125
0.203125 0.601562 0.0078125
0.1875 0.59375 0.0078125
0.195312 0.59375 0.0078125
0.1875 0.585938 0.0078125
0.195312 0.585938 0.0078125
0.1875 0.578125 0.0078125
0.195312 0.578125 0.0078125
0.179688 0.570312 0.0078125
0.1875 0.570312 0.0078125
0.179688 0.5625 0.0078125
0.1875 0.5625 0.0078125
0.179688 0.554688 0.0078125
0.1875 0.554688 0.0078125
0.171875 0.546875 0.0078125
0.179688 0.546875 0.0078125
0.171875 0.539062 0.0078125
0.179688 0.539062 0.0078125
0.171875 0.53125 0.0078125
0.179688 0.53125 0.0078125
0.164062 0.523438 0.0078125
0.171875 0.523438 0.0078125
0.164062 0.515625 0.0078125
0.171875 0.515625 0.0078125
0.164062 0.507812 0.0078125
0.171875 0.507812 0.0078125
0.15625 0.5 0.0078125
0.164062 0.5 0.0078125
0.15625 0.492188 0.0078125
0.164062 0.492188 0.0078125
0.15625 0.484375 0.0078125
0.164062 0.484375 0.0078125
0.148438 0.476562 0.0078125
0.15625 0.476562 0.0078125
0.148438 0.46875 0.0078125
0.15625 0.46875 0.0078125
0.148438 0.460938 0.0078125
0.15625 0.460938 0.0078125
0.140625 0.453125 0.0078125
0.148438 0.453125 0.0078125
0.140625 0.445312 0.0078125
0.148438 0.445312 0.0078125
0.140625 0.4375 0.0078125
0.148438 0.4375 0.0078125
0.132812 0.429688 0.0078125
0.140625 0.429688 0.0078125
0.132812 0.421875 0.0078125
0.140625 0.421875 0.0078125
0.132812 0.414062 0.0078125
0.140625 0.414062 0.0078125
0.125 0.40625 0.0078125
0.132812 0.40625 0.0078125
0.125 0.398438 0.0078125
0.132812 0.398438 0.0078125
0.125 0.390625 0.0078125
0.132812 0.390625 0.0078125
0.125 0.382812 0.0078125
0.117188 0.375 0.0078125
0.125 0.375 0.0078125
0.117188 0.367188 0.0078125
0.125 0.367188 0.0078125
0.109375 0.359375 0.0078125
0.117188 0.359375 0.0078125
0.109375 0.351562 0.0078125
0.117188 0.351562 0.0078125
0.109375 0.34375 0.0078125
0.117188 0.34375 0.0078125
0.101562 0.335938 0.0078125
0.109375 0.335938 0.0078125
0.101562 0.328125 0.0078125
0.109375 0.328125 0.0078125
0.101562 0.320312 0.0078125
0.109375 0.320312 0.0078125
0.09375 0.3125 0.0078125
0.101562 0.3125 0.0078125
0.09375 0.304688 0.0078125
0.101562 0.304688 0.0078125
0.09375 0.296875 0.0078125
0.101562 0.296875 0.0078125
0.0859375 0.289062 0.0078125
0.09375 0.289062 0.0078125
0.0859375 0.28125 0.0078125
0.09375 0.28125 0.0078125
0.0859375 0.273438 0.0078125
0.09375 0.273438 0.0078125
0.078125 0.265625 0.0078125
0.0859375 0.265625 0.0078125
0.078125 0.257812 0.0078125
0.0859375 0.257812 0.0078125
0.078125 0.25 0.0078125
0.0859375 0.25 0.0078125
0.0703125 0.242188 0.0078125
0.078125 0.242188 0.0078125
0.0703125 0.234375 0.0078125
0.078125 0.234375 0.0078125
0.0703125 0.226562 0.0078125
0.078125 0.226562 0.0078125
0.0625 0.21875 0.0078125
0.0703125 0.21875 0.0078125
0.0625 0.210938 0.0078125
0.0703125 0.210938 0.0078125
0.0625 0.203125 0.0078125
0.0703125 0.203125 0.0078125
0.0546875 0.195312 0.0078125
0.0625 0.195312 0.0078125
0.0546875 0.1875 0.0078125
0.0625 0.1875 0.0078125
0.046875 0.179688 0.0078125
0.0546875 0.179688 0.0078125
0.0625 0.179688 0.0078125
0.046875 0.171875 0.0078125
0.0546875 0.171875 0.0078125
0.046875 0.164062 0.0078125
0.0546875 0.164062 0.0078125
0.046875 0.15625 0.0078125
0.0546875 0.15625 0.0078125
0.0390625 0.148438 0.0078125
0.046875 0.148438 0.0078125
0.0390625 0.140625 0.0078125
0.046875 0.140625 0.0078125
0.03125 0.132812 0.0078125
0.0390625 0.132812 0.0078125
0.046875 0.132812 0.0078125
0.03125 0.125 0.0078125
0.0390625 0.125 0.0078125
0.03125 0.117188 0.0078125
0.0390625 0.117188 0.0078125
0.0234375 0.109375 0.0078125
0.03125 0.109375 0.0078125
0.0390625 0.109375 0.0078125
0.0234375 0.101562 0.0078125
0.03125 0.101562 0.0078125
0.0234375 0.09375 0.0078125
0.03125 0.09375 0.0078125
0.0234375 0.0859375 0.0078125
0.03125 0.0859375 0.0078125
0.015625 0.078125 0.0078125
0.0234375 0.078125 0.0078125
0.015625 0.0703125 0.0078125
0.0234375 0.0703125 0.0078125
0.03125 0.0703125 0.0078125
0.015625 0.0625 0.0078125
0.0234375 0.0625 0.0078125
0.0078125 0.0546875 0.0078125
0.015625 0.0546875 0.0078125
0.0234375 0.0546875 0.0078125
0.0078125 0.046875 0.0078125
0.015625 0.046875 0.0078125
0 0.0390625 0.0078125
0.0078125 0.0390625 0.0078125
0.015625 0.0390625 0.0078125
0 0.03125 0.0078125
0.0078125 0.03125 0.0078125
0 0.0234375 0.0078125
0.0078125 0.0234375 0.0078125
-0.0078125 0.015625 0.0078125
0 0.015625 0.0078125
0.0078125 0.015625 0.0078125
-0.0078125 0.0078125 0.0078125
0 0.0078125 0.0078125
-0.0078125 0 0.0078125
0 0 0.0078125
-0.015625 -0.0078125 0.0078125
-0.0078125 -0.0078125 0.0078125
0 -0.0078125 0.0078125
-0.015625 -0.015625 0.0078125
-0.0078125 -0.015625 0.0078125
-0.015625 -0.0234375 0.0078125
-0.0078125 -0.0234375 0.0078125
-0.015625 -0.03125 0.0078125
-0.0078125 -0.03125 0.0078125
-0.0234375 -0.0390625 0.0078125
-0.015625 -0.0390625 0.0078125
-0.0078125 -0.0390625 0.0078125
-0.0234375 -0.046875 0.0078125
-0.015625 -0.046875 0.0078125
-0.03125 -0.0546875 0.0078125
-0.0234375 -0.0546875 0.0078125
-0.015625 -0.0546875 0.0078125
-0.03125 -0.0625 0.0078125
-0.0234375 -0.0625 0.0078125
-0.03125 -0.0703125 0.0078125
-0.0234375 -0.0703125 0.0078125
-0.0390625 -0.078125 0.0078125
-0.03125 -0.078125 0.0078125
-0.0234375 -0.078125 0.0078125
-0.0390625 -0.0859375 0.0078125
-0.03125 -0.0859375 0.0078125
-0.0390625 -0.09375 0.0078125
-0.03125 -0.09375 0.0078125
-0.046875 -0.101562 0.0078125
-0.0390625 -0.101562 0.0078125
-0.03125 -0.101562 0.0078125
-0.046875 -0.109375 0.0078125
-0.0390625 -0.109375 0.0078125
-0.046875 -0.117188 0.0078125
-0.0390625 -0.117188 0.0078125
-0.046875 -0.125 0.0078125
-0.0390625 -0.125 0.0078125
-0.0546875 -0.132812 0.0078125
-0.046875 -0.132812 0.0078125
-0.0546875 -0.140625 0.0078125
-0.046875 -0.140625 0.0078125
-0.0625 -0.148438 0.0078125
-0.0546875 -0.148438 0.0078125
-0.046875 -0.148438 0.0078125
-0.0625 -0.15625 0.0078125
-0.0546875 -0.15625 0.0078125
-0.0625 -0.164062 0.0078125
-0.0546875 -0.164062 0.0078125
-0.0703125 -0.171875 0.0078125
-0.0625 -0.171875 0.0078125
-0.0546875 -0.171875 0.0078125
-0.0703125 -0.179688 0.0078125
-0.0625 -0.179688 0.0078125
-0.0546875 -0.179688 0.0078125
-0.0703125 -0.1875 0.0078125
-0.0625 -0.1875 0.0078125
-0.078125 -0.195312 0.0078125
-0.0703125 -0.195312 0.0078125
-0.0625 -0.195312 0.0078125
-0.078125 -0.203125 0.0078125
-0.0703125 -0.203125 0.0078125
-0.0625 -0.203125 0.0078125
-0.078125 -0.210938 0.0078125
-0.0703125 -0.210938 0.0078125
-0.0859375 -0.21875 0.0078125
-0.078125 -0.21875 0.0078125
-0.0703125 -0.21875 0.0078125
-0.0859375 -0.226562 0.0078125
-0.078125 -0.226562 0.0078125
-0.0703125 -0.226562 0.0078125
-0.0859375 -0.234375 0.0078125
-0.078125 -0.234375 0.0078125
-0.09375 -0.242188 0.0078125
-0.0859375 -0.242188 0.0078125
-0.078125 -0.242188 0.0078125
-0.09375 -0.25 0.0078125
-0.0859375 -0.25 0.0078125
-0.078125 -0.25 0.0078125
-0.09375 -0.257812 0.0078125
-0.0859375 -0.257812 0.0078125
-0.101562 -0.265625 0.0078125
-0.09375 -0.265625 0.0078125
-0.0859375 -0.265625 0.0078125
-0.101562 -0.273438 0.0078125
-0.09375 -0.273438 0.0078125
-0.101562 -0.28125 0.0078125
-0.09375 -0.28125 0.0078125
-0.109375 -0.289062 0.0078125
-0.101562 -0.289062 0.0078125
-0.09375 -0.289062 0.0078125
-0.109375 -0.296875 0.0078125
-0.101562 -0.296875 0.0078125
-0.09375 -0.296875 0.0078125
-0.109375 -0.304688 0.0078125
-0.101562 -0.304688 0.0078125
-0.117188 -0.3125 0.0078125
-0.109375 -0.3125 0.0078125
-0.101562 -0.3125 0.0078125
-0.117188 -0.320312 0.0078125
-0.109375 -0.320312 0.0078125
-0.101562 -0.320312 0.0078125
-0.117188 -0.328125 0.0078125
-0.109375 -0.328125 0.0078125
-0.125 -0.335938 0.0078125
-0.117188 -0.335938 0.0078125
-0.109375 -0.335938 0.0078125
-0.125 -0.34375 0.0078125
-0.117188 -0.34375 0.0078125
-0.109375 -0.34375 0.0078125
-0.125 -0.351562 0.0078125
-0.117188 -0.351562 0.0078125
-0.132812 -0.359375 0.0078125
-0.125 -0.359375 0.0078125
-0.117188 -0.359375 0.0078125
-0.132812 -0.367188 0.0078125
-0.125 -0.367188 0.0078125
-0.132812 -0.375 0.0078125
-0.125 -0.375 0.0078125
-0.140625 -0.382812 0.0078125
-0.132812 -0.382812 0.0078125
-0.125 -0.382812 0.0078125
-0.140625 -0.390625 0.0078125
-0.132812 -0.390625 0.0078125
-0.125 -0.390625 0.0078125
-0.140625 -0.398438 0.0078125
-0.132812 -0.398438 0.0078125
-0.148438 -0.40625 0.0078125
-0.140625 -0.40625 0.0078125
-0.132812 -0.40625 0.0078125
-0.148438 -0.414062 0.0078125
-0.140625 -0.414062 0.0078125
-0.132812 -0.414062 0.0078125
-0.148438 -0.421875 0.0078125
-0.140625 -0.421875 0.0078125
-0.15625 -0.429688 0.0078125
-0.148438 -0.429688 0.0078125
-0.140625 -0.429688 0.0078125
-0.15625 -0.4375 0.0078125
-0.148438 -0.4375 0.0078125
-0.15625 -0.445312 0.0078125
-0.148438 -0.445312 0.0078125
-0.164062 -0.453125 0.0078125
-0.15625 -0.453125 0.0078125
-0.148438 -0.453125 0.0078125
-0.164062 -0.460938 0.0078125
-0.15625 -0.460938 0.0078125
-0.148438 -0.460938 0.0078125
-0.164062 -0.46875 0.0078125
-0.15625 -0.46875 0.0078125
-0.164062 -0.476562 0.0078125
-0.15625 -0.476562 0.0078125
-0.164062 -0.484375 0.0078125
-0.15625 -0.484375 0.0078125
-0.171875 -0.492188 0.0078125
-0.164062 -0.492188 0.0078125
-0.171875 -0.5 0.0078125
-0.164062 -0.5 0.0078125
-0.171875 -0.507812 0.0078125
-0.164062 -0.507812 0.0078125
-0.179688 -0.515625 0.0078125
-0.171875 -0.515625 0.0078125
-0.179688 -0.523438 0.0078125
-0.171875 -0.523438 0.0078125
-0.179688 -0.53125 0.0078125
-0.1875 -0.539062 0.0078125
-0.179688 -0.539062 0.0078125
-0.195312 -0.546875 0.0078125
-0.1875 -0.546875 0.0078125
-0.179688 -0.546875 0.0078125
-0.195312 -0.554688 0.0078125
-0.1875 -0.554688 0.0078125
-0.179688 -0.554688 0.0078125
-0.195312 -0.5625 0.0078125
-0.1875 -0.5625 0.0078125
-0.203125 -0.570312 0.0078125
-0.195312 -0.570312 0.0078125
-0.1875 -0.570312 0.0078125
-0.203125 -0.578125 0.0078125
-0.195312 -0.578125 0.0078125
-0.1875 -0.578125 0.0078125
-0.203125 -0.585938 0.0078125
-0.195312 -0.585938 0.0078125
-0.210938 -0.59375 0.0078125
-0.203125 -0.59375 0.0078125
-0.195312 -0.59375 0.0078125
-0.210938 -0.601562 0.0078125
-0.203125 -0.601562 0.0078125
-0.195312 -0.601562 0.0078125
-0.210938 -0.609375 0.0078125
-0.203125 -0.609375 0.0078125
-0.21875 -0.617188 0.0078125
-0.210938 -0.617188 0.0078125
-0.203125 -0.617188 0.0078125
-0.21875 -0.625 0.0078125
-0.210938 -0.625 0.0078125
-0.203125 -0.625 0.0078125
-0.21875 -0.632812 0.0078125
-0.210938 -0.632812 0.0078125
-0.226562 -0.640625 0.0078125
-0.21875 -0.640625 0.0078125
-0.210938 -0.640625 0.0078125
-0.21875 -0.648438 0.0078125
-0.210938 -0.648438 0.0078125
-0.226562 -0.65625 0.0078125
-0.21875 -0.65625 0.0078125
-0.226562 -0.664062 0.0078125
-0.21875 -0.664062 0.0078125
-0.226562 -0.671875 0.0078125
-0.21875 -0.671875 0.0078125
-0.234375 -0.679688 0.0078125
-0.226562 -0.679688 0.0078125
-0.234375 -0.6875 0.0078125
-0.226562 -0.6875 0.0078125
-0.234375 -0.695312 0.0078125
-0.226562 -0.695312 0.0078125
-0.242188 -0.703125 0.0078125
-0.234375 -0.703125 0.0078125
-0.242188 -0.710938 0.0078125
-0.234375 -0.710938 0.0078125
-0.242188 -0.71875 0.0078125
-0.234375 -0.71875 0.0078125
-0.25 -0.726562 0.0078125
-0.242188 -0.726562 0.0078125
-0.25 -0.734375 0.0078125
-0.242188 -0.734375 0.0078125
-0.25 -0.742188 0.0078125
-0.242188 -0.742188 0.0078125
-0.257812 -0.75 0.0078125
-0.25 -0.75 0.0078125
-0.257812 -0.757812 0.0078125
-0.25 -0.757812 0.0078125
-0.257812 -0.765625 0.0078125
-0.25 -0.765625 0.0078125
-0.265625 -0.773438 0.0078125
-0.257812 -0.773438 0.0078125
-0.265625 -0.78125 0.0078125
-0.257812 -0.78125 0.0078125
-0.265625 -0.789062 0.0078125
-0.257812 -0.789062 0.0078125
-0.273438 -0.796875 0.0078125
-0.265625 -0.796875 0.0078125
-0.273438 -0.804688 0.0078125
-0.265625 -0.804688 0.0078125
-0.273438 -0.8125 0.0078125
-0.265625 -0.8125 0.0078125
-0.28125 -0.820312 0.0078125
-0.273438 -0.820312 0.0078125
-0.28125 -0.828125 0.0078125
-0.273438 -0.828125 0.0078125
-0.28125 -0.835938 0.0078125
-0.273438 -0.835938 0.0078125
-0.289062 -0.84375 0.0078125
-0.28125 -0.84375 0.0078125
-0.289062 -0.851562 0.0078125
-0.28125 -0.851562 0.0078125
-0.296875 -0.859375 0.0078125
-0.289062 -0.859375 0.0078125
-0.28125 -0.859375 0.0078125
-0.296875 -0.867188 0.0078125
-0.289062 -0.867188 0.0078125
-0.304688 -0.875 0.0078125
-0.296875 -0.875 0.0078125
-0.289062 -0.875 0.0078125
-0.304688 -0.882812 0.0078125
-0.296875 -0.882812 0.0078125
-0.289062 -0.882812 0.0078125
-0.304688 -0.890625 0.0078125
-0.296875 -0.890625 0.0078125
-0.3125 -0.898438 0.0078125
-0.304688 -0.898438 0.0078125
-0.296875 -0.898438 0.0078125
-0.3125 -0.90625 0.0078125
-0.304688 -0.90625 0.0078125
-0.296875 -0.90625 0.0078125
-0.3125 -0.914062 0.0078125
-0.304688 -0.914062 0.0078125
-0.320312 -0.921875 0.0078125
-0.3125 -0.921875 0.0078125
-0.304688 -0.921875 0.0078125
-0.320312 -0.929688 0.0078125
-0.3125 -0.929688 0.0078125
-0.304688 -0.929688 0.0078125
-0.320312 -0.9375 0.0078125
-0.3125 -0.9375 0.0078125
-0.320312 -0.945312 0.0078125
-0.3125 -0.945312 0.0078125
-0.320312 -0.953125 0.0078125
-0.3125 -0.953125 0.0078125
-0.328125 -0.960938 0.0078125
-0.320312 -0.960938 0.0078125
-0.335938 -0.96875 0.0078125
-0.328125 -0.96875 0.0078125
-0.320312 -0.96875 0.0078125
-0.335938 -0.976562 0.0078125
-0.328125 -0.976562 0.0078125
-0.320312 -0.976562 0.0078125
-0.335938 -0.984375 0.0078125
-0.328125 -0.984375 0.0078125
-0.34375 -0.992188 0.0078125
-0.335938 -0.992188 0.0078125
-0.328125 -0.992188 0.0078125
-0.34375 -1 0.0078125
-0.335938 -1 0.0078125
-0.328125 -1 0.0078125
