-0.4375 -0.84375 0.03125
-0.46875 -0.875 0.03125
-0.4375 -0.875 0.03125
-0.40625 -0.875 0.03125
-0.5 -0.90625 0.03125
-0.46875 -0.90625 0.03125
-0.4375 -0.90625 0.03125
-0.40625 -0.90625 0.03125
-0.375 -0.90625 0.03125
-0.5 -0.9375 0.03125
-0.46875 -0.9375 0.03125
-0.4375 -0.9375 0.03125
-0.40625 -0.9375 0.03125
-0.53125 -0.96875 0.03125
-0.5 -0.96875 0.03125
-0.46875 -0.96875 0.03125
-0.4375 -0.96875 0.03125
-0.09375 -0.96875 0.03125
-0.53125 -1 0.03125
-0.5 -1 0.03125
-0.46875 -1 0.03125
-0.0625 -1 0.03125
-0.03125 -1 0.03125
0 -1 0.03125
